811	812	813	814	815	816	817	818	819	820
821	822	823	824	825	826	827	828	829	830
831	832	833	834	835	836	837	838	839	840
841	842	843	844	845	846	847	848	849	850
851	852	853	854	855	856	857	858	859	860
861	862	863	864	865	866	867	868	869	870
871	872	873	874	875	876	877	878	879	880
881	882	883	884	885	886	887	888	889	890
15	891	892	893	894	895	896	897	898	899
14	900	901	902	903	904	905	906	907	908
13	909	910	911	912	913	914	915	916	917
12	918	919	920	921	922	923	924	925	926
11	927	928	929	930	931	932	933	934	935
10	936	937	938	939	940	941	942	943	944
9	945	946	947	948	949	950	951	952	953
8	954	955	956	957	958	959	960	961	962
52	963	964	965	966	967	968	969	970	971
811	972	973	974	975	976	977	978	979	980
821	981	982	983	984	985	986	987	988	989
831	990	991	992	993	994	995	996	997	998
841	999	1000	1001	1002	1003	1004	1005	1006	1007
851	1008	1009	1010	1011	1012	1013	1014	1015	1016
861	1017	1018	1019	1020	1021	1022	1023	1024	1025
871	1026	1027	1028	1029	1030	1031	1032	1033	1034
881	1035	1036	1037	1038	1039	1040	1041	1042	1043
70	1044	1045	1046	1047	1048	1049	1050	1051	1052
881	1053	1054	1055	1056	1057	1058	1059	1060	1061
811	1062	1063	1064	1065	1066	1067	1068	1069	1070
821	1071	1072	1073	1074	1075	1076	1077	1078	1079
831	1080	1081	1082	1083	1084	1085	1086	1087	1088
841	1089	1090	1091	1092	1093	1094	1095	1096	1097
851	1098	1099	1100	1101	1102	1103	1104	1105	1106
861	1107	1108	1109	1110	1111	1112	1113	1114	1115
871	1116	1117	1118	1119	1120	1121	1122	1123	1124
43	1125	1126	1127	1128	1129	1130	1131	1132	1133
871	1134	1135	1136	1137	1138	1139	1140	1141	1142
881	1143	1144	1145	1146	1147	1148	1149	1150	1151
811	1152	1153	1154	1155	1156	1157	1158	1159	1160
821	1161	1162	1163	1164	1165	1166	1167	1168	1169
831	1170	1171	1172	1173	1174	1175	1176	1177	1178
841	1179	1180	1181	1182	1183	1184	1185	1186	1187
851	1188	1189	1190	1191	1192	1193	1194	1195	1196
861	1197	1198	1199	1200	1201	1202	1203	1204	1205
34	1206	1207	1208	1209	1210	1211	1212	1213	1214
861	1215	1216	1217	1218	1219	1220	1221	1222	1223
871	1224	1225	1226	1227	1228	1229	1230	1231	1232
881	1233	1234	1235	1236	1237	1238	1239	1240	1241
811	1242	1243	1244	1245	1246	1247	1248	1249	1250
821	1251	1252	1253	1254	1255	1256	1257	1258	1259
831	1260	1261	1262	1263	1264	1265	1266	1267	1268
841	1269	1270	1271	1272	1273	1274	1275	1276	1277
851	1278	1279	1280	1281	1282	1283	1284	1285	1286
16	1287	1288	1289	1290	1291	1292	1293	1294	1295
851	1296	1297	1298	1299	1300	1301	1302	1303	1304
861	1305	1306	1307	1308	1309	1310	1311	1312	1313
871	1314	1315	1316	1317	1318	1319	1320	1321	1322
881	1323	1324	1325	1326	1327	1328	1329	1330	1331
811	1332	1333	1334	1335	1336	1337	1338	1339	1340
821	1341	1342	1343	1344	1345	1346	1347	1348	1349
831	1350	1351	1352	1353	1354	1355	1356	1357	1358
841	1359	1360	1361	1362	1363	1364	1365	1366	1367
79	1368	1369	1370	1371	1372	1373	1374	1375	1376
841	1377	1378	1379	1380	1381	1382	1383	1384	1385
851	1386	1387	1388	1389	1390	1391	1392	1393	1394
861	1395	1396	1397	1398	1399	1400	1401	1402	1403
871	1404	1405	1406	1407	1408	1409	1410	1411	1412
881	1413	1414	1415	1416	1417	1418	1419	1420	1421
811	1422	1423	1424	1425	1426	1427	1428	1429	1430
821	1431	1432	1433	1434	1435	1436	1437	1438	1439
831	1440	1441	1442	1443	1444	1445	1446	1447	1448
25	1449	1450	1451	1452	1453	1454	1455	1456	1457
831	1458	1459	1460	1461	1462	1463	1464	1465	1466
841	1467	1468	1469	1470	1471	1472	1473	1474	1475
851	1476	1477	1478	1479	1480	1481	1482	1483	1484
861	1485	1486	1487	1488	1489	1490	1491	1492	1493
871	1494	1495	1496	1497	1498	1499	1500	1501	1502
881	1503	1504	1505	1506	1507	1508	1509	1510	1511
811	1512	1513	1514	1515	1516	1517	1518	1519	1520
821	1521	1522	1523	1524	1525	1526	1527	1528	1529
61	1530	1531	1532	1533	1534	1535	1536	1537	1538
821	1539	1540	1541	1542	1543	1544	1545	1546	1547
831	1548	1549	1550	1551	1552	1553	1554	1555	1556
841	1557	1558	1559	1560	1561	1562	1563	1564	1565
851	1566	1567	1568	1569	1570	1571	1572	1573	1574
861	1575	1576	1577	1578	1579	1580	1581	1582	1583
871	1584	1585	1586	1587	1588	1589	1590	1591	1592
881	1593	1594	1595	1596	1597	1598	1599	1600	1601
811	1602	1603	1604	1605	1606	1607	1608	1609	1610
94	963	972	981	990	999	1008	1017	1026	1035
93	1530	1539	1548	1557	1566	1575	1584	1593	1602
91	1449	1458	1467	1476	1485	1494	1503	1512	1521
90	1368	1377	1386	1395	1404	1413	1422	1431	1440
95	1287	1296	1305	1314	1323	1332	1341	1350	1359
89	1206	1215	1224	1233	1242	1251	1260	1269	1278
88	1125	1134	1143	1152	1161	1170	1179	1188	1197
92	1044	1053	1062	1071	1080	1089	1098	1107	1116
114	927	1009	1090	1171	1252	1333	1414	1495	1576
812	928	964	1117	1144	1261	1297	1432	1486	1558
822	929	1036	1063	1180	1216	1351	1405	1477	1531
832	930	982	1099	1135	1270	1324	1396	1450	1603
842	931	1018	1054	1189	1243	1315	1369	1522	1549
852	932	973	1108	1162	1234	1288	1441	1468	1585
862	933	1027	1081	1153	1207	1360	1387	1504	1540
872	934	1000	1072	1126	1279	1306	1423	1459	1594
882	935	991	1045	1198	1225	1342	1378	1513	1567
123	918	1001	1082	1163	1244	1325	1406	1487	1568
882	919	965	1109	1136	1253	1361	1424	1478	1550
812	920	1028	1055	1172	1280	1343	1397	1469	1532
822	921	974	1091	1199	1262	1316	1388	1451	1595
832	922	1010	1118	1181	1235	1307	1370	1514	1541
842	923	1037	1100	1154	1226	1289	1433	1460	1577
852	924	1019	1073	1145	1208	1352	1379	1496	1604
862	925	992	1064	1127	1271	1298	1415	1523	1586
872	926	983	1046	1190	1217	1334	1442	1505	1559
96	909	993	1074	1155	1236	1317	1398	1479	1560
872	910	966	1101	1200	1245	1353	1416	1470	1542
882	911	1020	1119	1164	1272	1335	1389	1461	1533
812	912	1038	1083	1191	1254	1308	1380	1452	1587
822	913	1002	1110	1173	1227	1299	1371	1506	1605
832	914	1029	1092	1146	1218	1290	1425	1524	1569
842	915	1011	1065	1137	1209	1344	1443	1488	1596
852	916	984	1056	1128	1263	1362	1407	1515	1578
862	917	975	1047	1182	1281	1326	1434	1497	1551
105	900	985	1066	1147	1228	1309	1390	1471	1552
862	901	967	1093	1192	1237	1345	1408	1462	1606
872	902	1012	1111	1156	1264	1327	1381	1525	1534
882	903	1030	1075	1183	1246	1300	1444	1453	1579
812	904	994	1102	1165	1219	1363	1372	1498	1597
822	905	1021	1084	1138	1282	1291	1417	1516	1561
832	906	1003	1057	1201	1210	1336	1435	1480	1588
842	907	976	1120	1129	1255	1354	1399	1507	1570
852	908	1039	1048	1174	1273	1318	1426	1489	1543
159	891	977	1058	1139	1220	1301	1382	1463	1544
852	892	968	1085	1184	1229	1337	1400	1526	1598
862	893	1004	1103	1148	1256	1319	1445	1517	1535
872	894	1022	1067	1175	1238	1364	1436	1454	1571
882	895	986	1094	1157	1283	1355	1373	1490	1589
812	896	1013	1076	1202	1274	1292	1409	1508	1553
822	897	995	1121	1193	1211	1328	1427	1472	1580
832	898	1040	1112	1130	1247	1346	1391	1499	1562
842	899	1031	1049	1166	1265	1310	1418	1481	1607
150	954	1041	1122	1203	1284	1365	1446	1527	1608
842	955	969	1077	1176	1221	1329	1392	1518	1590
852	956	996	1095	1140	1248	1311	1437	1509	1536
862	957	1014	1059	1167	1230	1356	1428	1455	1563
872	958	978	1086	1149	1275	1347	1374	1482	1581
882	959	1005	1068	1194	1266	1293	1401	1500	1545
812	960	987	1113	1185	1212	1320	1419	1464	1572
822	961	1032	1104	1131	1239	1338	1383	1491	1554
832	962	1023	1050	1158	1257	1302	1410	1473	1599
141	945	1033	1114	1195	1276	1357	1438	1519	1600
832	946	970	1069	1168	1285	1321	1384	1510	1582
842	947	988	1087	1204	1240	1303	1429	1501	1537
852	948	1006	1123	1159	1222	1348	1420	1456	1555
862	949	1042	1078	1141	1267	1339	1375	1474	1573
872	950	997	1060	1186	1258	1294	1393	1492	1609
882	951	979	1105	1177	1213	1312	1411	1528	1564
812	952	1024	1096	1132	1231	1330	1447	1483	1546
822	953	1015	1051	1150	1249	1366	1402	1465	1591
132	936	1025	1106	1187	1268	1349	1430	1511	1592
822	937	971	1061	1160	1277	1313	1448	1502	1574
832	938	980	1079	1196	1232	1367	1421	1493	1538
842	939	998	1115	1151	1286	1340	1412	1457	1547
852	940	1034	1070	1205	1259	1331	1376	1466	1565
862	941	989	1124	1178	1250	1295	1385	1484	1601
872	942	1043	1097	1169	1214	1304	1403	1520	1556
882	943	1016	1088	1133	1223	1322	1439	1475	1610
812	944	1007	1052	1142	1241	1358	1394	1529	1583
174	968	977	986	995	1004	1013	1022	1031	1040
172	1534	1543	1552	1561	1570	1579	1588	1597	1606
171	1452	1461	1470	1479	1488	1497	1506	1515	1524
170	1370	1379	1388	1397	1406	1415	1424	1433	1442
169	1288	1297	1306	1315	1324	1333	1342	1351	1360
175	1214	1223	1232	1241	1250	1259	1268	1277	1286
168	1132	1141	1150	1159	1168	1177	1186	1195	1204
173	1050	1059	1068	1077	1086	1095	1104	1113	1122
230	928	1008	1093	1176	1253	1337	1416	1502	1582
813	932	963	1120	1149	1262	1301	1434	1493	1564
823	930	1035	1066	1185	1217	1355	1407	1484	1537
833	935	981	1102	1140	1271	1328	1398	1457	1609
843	934	1017	1057	1194	1244	1319	1371	1529	1555
853	927	972	1111	1167	1235	1292	1443	1475	1591
863	931	1026	1084	1158	1208	1364	1389	1511	1546
873	933	999	1075	1131	1280	1310	1425	1466	1600
883	929	990	1048	1203	1226	1346	1380	1520	1573
239	926	1007	1080	1166	1249	1326	1410	1489	1567
883	920	971	1107	1139	1258	1362	1428	1480	1549
813	925	1034	1053	1175	1285	1344	1401	1471	1531
823	924	980	1089	1202	1267	1317	1392	1453	1594
833	918	1016	1116	1184	1240	1308	1374	1516	1540
843	921	1043	1098	1157	1231	1290	1437	1462	1576
853	923	1025	1071	1148	1213	1353	1383	1498	1603
863	919	998	1062	1130	1276	1299	1419	1525	1585
873	922	989	1044	1193	1222	1335	1446	1507	1558
212	916	992	1072	1152	1239	1322	1399	1483	1562
873	915	965	1099	1197	1248	1358	1417	1474	1544
883	914	1019	1117	1161	1275	1340	1390	1465	1535
813	909	1037	1081	1188	1257	1313	1381	1456	1589
823	911	1001	1108	1170	1230	1304	1372	1510	1607
833	913	1028	1090	1143	1221	1295	1426	1528	1571
843	917	1010	1063	1134	1212	1349	1444	1492	1598
853	912	983	1054	1125	1266	1367	1408	1519	1580
863	910	974	1045	1179	1284	1331	1435	1501	1553
221	906	987	1065	1145	1224	1312	1387	1472	1556
863	904	969	1092	1190	1233	1348	1405	1463	1610
873	900	1014	1110	1154	1260	1330	1378	1526	1538
883	901	1032	1074	1181	1242	1303	1441	1454	1583
813	903	996	1101	1163	1215	1366	1369	1499	1601
823	907	1023	1083	1136	1278	1294	1414	1517	1565
833	902	1005	1056	1199	1206	1339	1432	1481	1592
843	908	978	1119	1127	1251	1357	1396	1508	1574
853	905	1041	1047	1172	1269	1321	1423	1490	1547
194	896	973	1060	1138	1218	1296	1385	1460	1545
853	891	964	1087	1183	1227	1332	1403	1523	1599
863	899	1000	1105	1147	1254	1314	1448	1514	1536
873	893	1018	1069	1174	1236	1359	1439	1451	1572
883	897	982	1096	1156	1281	1350	1376	1487	1590
813	892	1009	1078	1201	1272	1287	1412	1505	1554
823	898	991	1123	1192	1209	1323	1430	1469	1581
833	895	1036	1114	1129	1245	1341	1394	1496	1563
843	894	1027	1051	1165	1263	1305	1421	1478	1608
203	958	1042	1118	1205	1283	1363	1440	1522	1605
843	961	970	1073	1178	1220	1327	1386	1513	1587
853	955	997	1091	1142	1247	1309	1431	1504	1533
863	959	1015	1055	1169	1229	1354	1422	1450	1560
873	962	979	1082	1151	1274	1345	1368	1477	1578
883	960	1006	1064	1196	1265	1291	1395	1495	1542
813	957	988	1109	1187	1211	1318	1413	1459	1569
823	956	1033	1100	1133	1238	1336	1377	1486	1551
833	954	1024	1046	1160	1256	1300	1404	1468	1596
176	948	1030	1115	1191	1270	1356	1436	1512	1595
833	953	967	1070	1164	1279	1320	1382	1503	1577
843	949	985	1088	1200	1234	1302	1427	1494	1532
853	952	1003	1124	1155	1216	1347	1418	1449	1550
863	950	1039	1079	1137	1261	1338	1373	1467	1568
873	947	994	1061	1182	1252	1293	1391	1485	1604
883	946	976	1106	1173	1207	1311	1409	1521	1559
813	945	1021	1097	1128	1225	1329	1445	1476	1541
823	951	1012	1052	1146	1243	1365	1400	1458	1586
185	938	1020	1103	1180	1264	1343	1429	1509	1584
823	939	966	1058	1153	1273	1307	1447	1500	1566
833	942	975	1076	1189	1228	1361	1420	1491	1530
843	940	993	1112	1144	1282	1334	1411	1455	1539
853	937	1029	1067	1198	1255	1325	1375	1464	1557
863	944	984	1121	1171	1246	1289	1384	1482	1593
873	936	1038	1094	1162	1210	1298	1402	1518	1548
883	941	1011	1085	1126	1219	1316	1438	1473	1602
813	943	1002	1049	1135	1237	1352	1393	1527	1575
250	969	978	987	996	1005	1014	1023	1032	1041
253	1535	1544	1553	1562	1571	1580	1589	1598	1607
248	1453	1462	1471	1480	1489	1498	1507	1516	1525
255	1371	1380	1389	1398	1407	1416	1425	1434	1443
254	1289	1298	1307	1316	1325	1334	1343	1352	1361
249	1207	1216	1225	1234	1243	1252	1261	1270	1279
252	1133	1142	1151	1160	1169	1178	1187	1196	1205
251	1051	1060	1069	1078	1087	1096	1105	1114	1123
283	929	1012	1095	1172	1256	1335	1421	1501	1575
814	930	967	1122	1145	1265	1299	1439	1492	1557
824	933	1039	1068	1181	1220	1353	1412	1483	1530
834	931	985	1104	1136	1274	1326	1403	1456	1602
844	928	1021	1059	1190	1247	1317	1376	1528	1548
854	935	976	1113	1163	1238	1290	1448	1474	1584
864	927	1030	1086	1154	1211	1362	1394	1510	1539
874	932	1003	1077	1127	1283	1308	1430	1465	1593
884	934	994	1050	1199	1229	1344	1385	1519	1566
301	919	999	1085	1168	1245	1329	1408	1486	1574
884	923	963	1112	1141	1254	1365	1426	1477	1556
814	921	1026	1058	1177	1281	1347	1399	1468	1538
824	926	972	1094	1204	1263	1320	1390	1450	1601
834	925	1008	1121	1186	1236	1311	1372	1513	1547
844	918	1035	1103	1159	1227	1293	1435	1459	1583
854	922	1017	1076	1150	1209	1356	1381	1495	1610
864	924	990	1067	1132	1272	1302	1417	1522	1592
874	920	981	1049	1195	1218	1338	1444	1504	1565
310	917	991	1071	1158	1241	1318	1402	1481	1559
874	911	964	1098	1203	1250	1354	1420	1472	1541
884	916	1018	1116	1167	1277	1336	1393	1463	1532
814	915	1036	1080	1194	1259	1309	1384	1454	1586
824	909	1000	1107	1176	1232	1300	1375	1508	1604
834	912	1027	1089	1149	1223	1291	1429	1526	1568
844	914	1009	1062	1140	1214	1345	1447	1490	1595
854	910	982	1053	1131	1268	1363	1411	1517	1577
864	913	973	1044	1185	1286	1327	1438	1499	1550
256	907	984	1064	1143	1231	1306	1391	1475	1554
864	906	966	1091	1188	1240	1342	1409	1466	1608
874	905	1011	1109	1152	1267	1324	1382	1529	1536
884	900	1029	1073	1179	1249	1297	1445	1457	1581
814	902	993	1100	1161	1222	1360	1373	1502	1599
824	904	1020	1082	1134	1285	1288	1418	1520	1563
834	908	1002	1055	1197	1213	1333	1436	1484	1590
844	903	975	1118	1125	1258	1351	1400	1511	1572
854	901	1038	1046	1170	1276	1315	1427	1493	1545
319	897	979	1057	1137	1215	1304	1379	1464	1540
854	895	970	1084	1182	1224	1340	1397	1527	1594
864	891	1006	1102	1146	1251	1322	1442	1518	1531
874	892	1024	1066	1173	1233	1367	1433	1455	1567
884	894	988	1093	1155	1278	1358	1370	1491	1585
814	898	1015	1075	1200	1269	1295	1406	1509	1549
824	893	997	1120	1191	1206	1331	1424	1473	1576
834	899	1042	1111	1128	1242	1349	1388	1500	1558
844	896	1033	1048	1164	1260	1313	1415	1482	1603
265	959	1037	1124	1202	1282	1359	1441	1524	1609
844	954	965	1079	1175	1219	1323	1387	1515	1591
854	962	992	1097	1139	1246	1305	1432	1506	1537
864	956	1010	1061	1166	1228	1350	1423	1452	1564
874	960	974	1088	1148	1273	1341	1369	1479	1582
884	955	1001	1070	1193	1264	1287	1396	1497	1546
814	961	983	1115	1184	1210	1314	1414	1461	1573
824	958	1028	1106	1130	1237	1332	1378	1488	1555
834	957	1019	1052	1157	1255	1296	1405	1470	1600
274	949	1034	1110	1189	1275	1355	1431	1514	1597
834	952	971	1065	1162	1284	1319	1377	1505	1579
844	946	989	1083	1198	1239	1301	1422	1496	1534
854	950	1007	1119	1153	1221	1346	1413	1451	1552
864	953	1043	1074	1135	1266	1337	1368	1469	1570
874	951	998	1056	1180	1257	1292	1386	1487	1606
884	948	980	1101	1171	1212	1310	1404	1523	1561
814	947	1025	1092	1126	1230	1328	1440	1478	1543
824	945	1016	1047	1144	1248	1364	1395	1460	1588
292	939	1022	1099	1183	1262	1348	1428	1503	1587
824	944	968	1054	1156	1271	1312	1446	1494	1569
834	940	977	1072	1192	1226	1366	1419	1485	1533
844	943	995	1108	1147	1280	1339	1410	1449	1542
854	941	1031	1063	1201	1253	1330	1374	1458	1560
864	938	986	1117	1174	1244	1294	1383	1476	1596
874	937	1040	1090	1165	1208	1303	1401	1512	1551
884	936	1013	1081	1129	1217	1321	1437	1467	1605
814	942	1004	1045	1138	1235	1357	1392	1521	1578
334	970	979	988	997	1006	1015	1024	1033	1042
335	1536	1545	1554	1563	1572	1581	1590	1599	1608
331	1454	1463	1472	1481	1490	1499	1508	1517	1526
330	1372	1381	1390	1399	1408	1417	1426	1435	1444
333	1290	1299	1308	1317	1326	1335	1344	1353	1362
332	1208	1217	1226	1235	1244	1253	1262	1271	1280
328	1126	1135	1144	1153	1162	1171	1180	1189	1198
329	1052	1061	1070	1079	1088	1097	1106	1115	1124
372	930	1014	1091	1175	1254	1340	1420	1494	1579
815	935	969	1118	1148	1263	1304	1438	1485	1561
825	931	1041	1064	1184	1218	1358	1411	1476	1534
835	934	987	1100	1139	1272	1331	1402	1449	1606
845	932	1023	1055	1193	1245	1322	1375	1521	1552
855	929	978	1109	1166	1236	1295	1447	1467	1588
865	928	1032	1082	1157	1209	1367	1393	1503	1543
875	927	1005	1073	1130	1281	1313	1429	1458	1597
885	933	996	1046	1202	1227	1349	1384	1512	1570
399	920	1004	1087	1164	1248	1327	1405	1493	1566
885	921	968	1114	1137	1257	1363	1423	1484	1548
815	924	1031	1060	1173	1284	1345	1396	1475	1530
825	922	977	1096	1200	1266	1318	1387	1457	1593
835	919	1013	1123	1182	1239	1309	1369	1520	1539
845	926	1040	1105	1155	1230	1291	1432	1466	1575
855	918	1022	1078	1146	1212	1354	1378	1502	1602
865	923	995	1069	1128	1275	1300	1414	1529	1584
875	925	986	1051	1191	1221	1336	1441	1511	1557
390	910	990	1077	1160	1237	1321	1400	1478	1558
875	914	963	1104	1205	1246	1357	1418	1469	1540
885	912	1017	1122	1169	1273	1339	1391	1460	1531
815	917	1035	1086	1196	1255	1312	1382	1451	1585
825	916	999	1113	1178	1228	1303	1373	1505	1603
835	909	1026	1095	1151	1219	1294	1427	1523	1567
845	913	1008	1068	1142	1210	1348	1445	1487	1594
855	915	981	1059	1133	1264	1366	1409	1514	1576
865	911	972	1050	1187	1282	1330	1436	1496	1549
381	908	983	1062	1150	1225	1310	1394	1473	1551
865	902	965	1089	1195	1234	1346	1412	1464	1605
875	907	1010	1107	1159	1261	1328	1385	1527	1533
885	906	1028	1071	1186	1243	1301	1448	1455	1578
815	900	992	1098	1168	1216	1364	1376	1500	1596
825	903	1019	1080	1141	1279	1292	1421	1518	1560
835	905	1001	1053	1204	1207	1337	1439	1482	1587
845	901	974	1116	1132	1252	1355	1403	1509	1569
855	904	1037	1044	1177	1270	1319	1430	1491	1542
336	898	976	1056	1134	1223	1298	1383	1459	1546
855	897	967	1083	1179	1232	1334	1401	1522	1600
865	896	1003	1101	1143	1259	1316	1446	1513	1537
875	891	1021	1065	1170	1241	1361	1437	1450	1573
885	893	985	1092	1152	1286	1352	1374	1486	1591
815	895	1012	1074	1197	1277	1289	1410	1504	1555
825	899	994	1119	1188	1214	1325	1428	1468	1582
835	894	1039	1110	1125	1250	1343	1392	1495	1564
845	892	1030	1047	1161	1268	1307	1419	1477	1609
363	960	1043	1121	1201	1278	1360	1443	1528	1604
845	958	971	1076	1174	1215	1324	1389	1519	1586
855	954	998	1094	1138	1242	1306	1434	1510	1532
865	955	1016	1058	1165	1224	1351	1425	1456	1559
875	957	980	1085	1147	1269	1342	1371	1483	1577
885	961	1007	1067	1192	1260	1288	1398	1501	1541
815	956	989	1112	1183	1206	1315	1416	1465	1568
825	962	1034	1103	1129	1233	1333	1380	1492	1550
835	959	1025	1049	1156	1251	1297	1407	1474	1595
354	950	1029	1108	1194	1274	1350	1433	1516	1601
835	945	966	1063	1167	1283	1314	1379	1507	1583
845	953	984	1081	1203	1238	1296	1424	1498	1538
855	947	1002	1117	1158	1220	1341	1415	1453	1556
865	951	1038	1072	1140	1265	1332	1370	1471	1574
875	946	993	1054	1185	1256	1287	1388	1489	1610
885	952	975	1099	1176	1211	1305	1406	1525	1565
815	949	1020	1090	1131	1229	1323	1442	1480	1547
825	948	1011	1045	1149	1247	1359	1397	1462	1592
345	940	1018	1102	1181	1267	1347	1422	1506	1589
825	943	964	1057	1154	1276	1311	1440	1497	1571
835	937	973	1075	1190	1231	1365	1413	1488	1535
845	941	991	1111	1145	1285	1338	1404	1452	1544
855	944	1027	1066	1199	1258	1329	1368	1461	1562
865	942	982	1120	1172	1249	1293	1377	1479	1598
875	939	1036	1093	1163	1213	1302	1395	1515	1553
885	938	1009	1084	1127	1222	1320	1431	1470	1607
815	936	1000	1048	1136	1240	1356	1386	1524	1580
415	971	980	989	998	1007	1016	1025	1034	1043
414	1537	1546	1555	1564	1573	1582	1591	1600	1609
413	1455	1464	1473	1482	1491	1500	1509	1518	1527
412	1373	1382	1391	1400	1409	1418	1427	1436	1445
411	1291	1300	1309	1318	1327	1336	1345	1354	1363
410	1209	1218	1227	1236	1245	1254	1263	1272	1281
409	1127	1136	1145	1154	1163	1172	1181	1190	1199
408	1045	1054	1063	1072	1081	1090	1099	1108	1117
443	931	1010	1094	1173	1259	1339	1413	1498	1581
816	934	965	1121	1146	1268	1303	1431	1489	1563
826	928	1037	1067	1182	1223	1357	1404	1480	1536
836	932	983	1103	1137	1277	1330	1395	1453	1608
846	935	1019	1058	1191	1250	1321	1368	1525	1554
856	933	974	1112	1164	1241	1294	1440	1471	1590
866	930	1028	1085	1155	1214	1366	1386	1507	1545
876	929	1001	1076	1128	1286	1312	1422	1462	1599
886	927	992	1049	1200	1232	1348	1377	1516	1572
479	921	1006	1083	1167	1246	1324	1412	1485	1571
886	926	970	1110	1140	1255	1360	1430	1476	1553
816	922	1033	1056	1176	1282	1342	1403	1467	1535
826	925	979	1092	1203	1264	1315	1394	1449	1598
836	923	1015	1119	1185	1237	1306	1376	1512	1544
846	920	1042	1101	1158	1228	1288	1439	1458	1580
856	919	1024	1074	1149	1210	1351	1385	1494	1607
866	918	997	1065	1131	1273	1297	1421	1521	1589
876	924	988	1047	1194	1219	1333	1448	1503	1562
452	911	996	1079	1156	1240	1319	1397	1477	1557
876	912	969	1106	1201	1249	1355	1415	1468	1539
886	915	1023	1124	1165	1276	1337	1388	1459	1530
816	913	1041	1088	1192	1258	1310	1379	1450	1584
826	910	1005	1115	1174	1231	1301	1370	1504	1602
836	917	1032	1097	1147	1222	1292	1424	1522	1566
846	909	1014	1070	1138	1213	1346	1442	1486	1593
856	914	987	1061	1129	1267	1364	1406	1513	1575
866	916	978	1052	1183	1285	1328	1433	1495	1548
416	901	981	1069	1144	1229	1313	1392	1470	1550
866	905	963	1096	1189	1238	1349	1410	1461	1604
876	903	1008	1114	1153	1265	1331	1383	1524	1532
886	908	1026	1078	1180	1247	1304	1446	1452	1577
816	907	990	1105	1162	1220	1367	1374	1497	1595
826	900	1017	1087	1135	1283	1295	1419	1515	1559
836	904	999	1060	1198	1211	1340	1437	1479	1586
846	906	972	1123	1126	1256	1358	1401	1506	1568
856	902	1035	1051	1171	1274	1322	1428	1488	1541
434	899	975	1053	1142	1217	1302	1378	1465	1543
856	893	966	1080	1187	1226	1338	1396	1528	1597
866	898	1002	1098	1151	1253	1320	1441	1519	1534
876	897	1020	1062	1178	1235	1365	1432	1456	1570
886	891	984	1089	1160	1280	1356	1369	1492	1588
816	894	1011	1071	1205	1271	1293	1405	1510	1552
826	896	993	1116	1196	1208	1329	1423	1474	1579
836	892	1038	1107	1133	1244	1347	1387	1501	1561
846	895	1029	1044	1169	1262	1311	1414	1483	1606
470	961	1040	1120	1197	1279	1362	1447	1523	1610
846	960	968	1075	1170	1216	1326	1393	1514	1592
856	959	995	1093	1134	1243	1308	1438	1505	1538
866	954	1013	1057	1161	1225	1353	1429	1451	1565
876	956	977	1084	1143	1270	1344	1375	1478	1583
886	958	1004	1066	1188	1261	1290	1402	1496	1547
816	962	986	1111	1179	1207	1317	1420	1460	1574
826	957	1031	1102	1125	1234	1335	1384	1487	1556
836	955	1022	1048	1152	1252	1299	1411	1469	1601
461	951	1027	1113	1193	1269	1352	1435	1520	1596
836	949	964	1068	1166	1278	1316	1381	1511	1578
846	945	982	1086	1202	1233	1298	1426	1502	1533
856	946	1000	1122	1157	1215	1343	1417	1457	1551
866	948	1036	1077	1139	1260	1334	1372	1475	1569
876	952	991	1059	1184	1251	1289	1390	1493	1605
886	947	973	1104	1175	1206	1307	1408	1529	1560
816	953	1018	1095	1130	1224	1325	1444	1484	1542
826	950	1009	1050	1148	1242	1361	1399	1466	1587
425	941	1021	1100	1186	1266	1341	1425	1508	1585
826	936	967	1055	1159	1275	1305	1443	1499	1567
836	944	976	1073	1195	1230	1359	1416	1490	1531
846	938	994	1109	1150	1284	1332	1407	1454	1540
856	942	1030	1064	1204	1257	1323	1371	1463	1558
866	937	985	1118	1177	1248	1287	1380	1481	1594
876	943	1039	1091	1168	1212	1296	1398	1517	1549
886	940	1012	1082	1132	1221	1314	1434	1472	1603
816	939	1003	1046	1141	1239	1350	1389	1526	1576
495	964	973	982	991	1000	1009	1018	1027	1036
494	1538	1547	1556	1565	1574	1583	1592	1601	1610
493	1456	1465	1474	1483	1492	1501	1510	1519	1528
492	1374	1383	1392	1401	1410	1419	1428	1437	1446
491	1292	1301	1310	1319	1328	1337	1346	1355	1364
490	1210	1219	1228	1237	1246	1255	1264	1273	1282
489	1128	1137	1146	1155	1164	1173	1182	1191	1200
488	1046	1055	1064	1073	1082	1091	1100	1109	1118
550	932	1013	1092	1178	1258	1332	1417	1500	1577
817	927	968	1119	1151	1267	1296	1435	1491	1559
827	935	1040	1065	1187	1222	1350	1408	1482	1532
837	929	986	1101	1142	1276	1323	1399	1455	1604
847	933	1022	1056	1196	1249	1314	1372	1527	1550
857	928	977	1110	1169	1240	1287	1444	1473	1586
867	934	1031	1083	1160	1213	1359	1390	1509	1541
877	931	1004	1074	1133	1285	1305	1426	1464	1595
887	930	995	1047	1205	1231	1341	1381	1518	1568
559	922	1002	1086	1165	1243	1331	1404	1490	1573
887	925	966	1113	1138	1252	1367	1422	1481	1555
817	919	1029	1059	1174	1279	1349	1395	1472	1537
827	923	975	1095	1201	1261	1322	1386	1454	1600
837	926	1011	1122	1183	1234	1313	1368	1517	1546
847	924	1038	1104	1156	1225	1295	1431	1463	1582
857	921	1020	1077	1147	1207	1358	1377	1499	1609
867	920	993	1068	1129	1270	1304	1413	1526	1591
877	918	984	1050	1192	1216	1340	1440	1508	1564
541	912	998	1075	1159	1238	1316	1396	1476	1563
877	917	971	1102	1204	1247	1352	1414	1467	1545
887	913	1025	1120	1168	1274	1334	1387	1458	1536
817	916	1043	1084	1195	1256	1307	1378	1449	1590
827	914	1007	1111	1177	1229	1298	1369	1503	1608
837	911	1034	1093	1150	1220	1289	1423	1521	1572
847	910	1016	1066	1141	1211	1343	1441	1485	1599
857	909	989	1057	1132	1265	1361	1405	1512	1581
867	915	980	1048	1186	1283	1325	1432	1494	1554
532	902	988	1063	1148	1232	1311	1389	1469	1548
867	903	970	1090	1193	1241	1347	1407	1460	1602
877	906	1015	1108	1157	1268	1329	1380	1523	1530
887	904	1033	1072	1184	1250	1302	1443	1451	1575
817	901	997	1099	1166	1223	1365	1371	1496	1593
827	908	1024	1081	1139	1286	1293	1416	1514	1557
837	900	1006	1054	1202	1214	1338	1434	1478	1584
847	905	979	1117	1130	1259	1356	1398	1505	1566
857	907	1042	1045	1175	1277	1320	1425	1487	1539
523	892	972	1061	1136	1221	1297	1384	1462	1542
857	896	963	1088	1181	1230	1333	1402	1525	1596
867	894	999	1106	1145	1257	1315	1447	1516	1533
877	899	1017	1070	1172	1239	1360	1438	1453	1569
887	898	981	1097	1154	1284	1351	1375	1489	1587
817	891	1008	1079	1199	1275	1288	1411	1507	1551
827	895	990	1124	1190	1212	1324	1429	1471	1578
837	897	1035	1115	1127	1248	1342	1393	1498	1560
847	893	1026	1052	1163	1266	1306	1420	1480	1605
514	962	1039	1116	1198	1281	1366	1442	1529	1607
847	956	967	1071	1171	1218	1330	1388	1520	1589
857	961	994	1089	1135	1245	1312	1433	1511	1535
867	960	1012	1053	1162	1227	1357	1424	1457	1562
877	954	976	1080	1144	1272	1348	1370	1484	1580
887	957	1003	1062	1189	1263	1294	1397	1502	1544
817	959	985	1107	1180	1209	1321	1415	1466	1571
827	955	1030	1098	1126	1236	1339	1379	1493	1553
837	958	1021	1044	1153	1254	1303	1406	1475	1598
496	952	1032	1112	1188	1271	1354	1439	1515	1594
837	951	969	1067	1161	1280	1318	1385	1506	1576
847	950	987	1085	1197	1235	1300	1430	1497	1531
857	945	1005	1121	1152	1217	1345	1421	1452	1549
867	947	1041	1076	1134	1262	1336	1376	1470	1567
877	949	996	1058	1179	1253	1291	1394	1488	1603
887	953	978	1103	1170	1208	1309	1412	1524	1558
817	948	1023	1094	1125	1226	1327	1448	1479	1540
827	946	1014	1049	1143	1244	1363	1403	1461	1585
505	942	1019	1105	1185	1260	1344	1427	1504	1588
827	940	965	1060	1158	1269	1308	1445	1495	1570
837	936	974	1078	1194	1224	1362	1418	1486	1534
847	937	992	1114	1149	1278	1335	1409	1450	1543
857	939	1028	1069	1203	1251	1326	1373	1459	1561
867	943	983	1123	1176	1242	1290	1382	1477	1597
877	938	1037	1096	1167	1206	1299	1400	1513	1552
887	944	1010	1087	1131	1215	1317	1436	1468	1606
817	941	1001	1051	1140	1233	1353	1391	1522	1579
631	640	818	828	838	848	858	868	878	888
576	965	974	983	992	1001	1010	1019	1028	1037
573	1531	1540	1549	1558	1567	1576	1585	1594	1603
575	1457	1466	1475	1484	1493	1502	1511	1520	1529
574	1375	1384	1393	1402	1411	1420	1429	1438	1447
570	1293	1302	1311	1320	1329	1338	1347	1356	1365
572	1211	1220	1229	1238	1247	1256	1265	1274	1283
571	1129	1138	1147	1156	1165	1174	1183	1192	1201
569	1047	1056	1065	1074	1083	1092	1101	1110	1119
604	933	1011	1097	1177	1251	1336	1419	1496	1580
818	931	966	1124	1150	1260	1300	1437	1487	1562
828	927	1038	1070	1186	1215	1354	1410	1478	1535
838	928	984	1106	1141	1269	1327	1401	1451	1607
848	930	1020	1061	1195	1242	1318	1374	1523	1553
858	934	975	1115	1168	1233	1291	1446	1469	1589
868	929	1029	1088	1159	1206	1363	1392	1505	1544
878	935	1002	1079	1132	1278	1309	1428	1460	1598
888	932	993	1052	1204	1224	1345	1383	1514	1571
622	923	1005	1084	1162	1250	1323	1409	1492	1569
888	918	969	1111	1135	1259	1359	1427	1483	1551
818	926	1032	1057	1171	1286	1341	1400	1474	1533
828	920	978	1093	1198	1268	1314	1391	1456	1596
838	924	1014	1120	1180	1241	1305	1373	1519	1542
848	919	1041	1102	1153	1232	1287	1436	1465	1578
858	925	1023	1075	1144	1214	1350	1382	1501	1605
868	922	996	1066	1126	1277	1296	1418	1528	1587
878	921	987	1048	1189	1223	1332	1445	1510	1560
613	913	994	1078	1157	1235	1315	1395	1482	1565
878	916	967	1105	1202	1244	1351	1413	1473	1547
888	910	1021	1123	1166	1271	1333	1386	1464	1538
818	914	1039	1087	1193	1253	1306	1377	1455	1592
828	917	1003	1114	1175	1226	1297	1368	1509	1610
838	915	1030	1096	1148	1217	1288	1422	1527	1574
848	912	1012	1069	1139	1208	1342	1440	1491	1601
858	911	985	1060	1130	1262	1360	1404	1518	1583
868	909	976	1051	1184	1280	1324	1431	1500	1556
577	903	982	1067	1151	1230	1308	1388	1467	1555
868	908	964	1094	1196	1239	1344	1406	1458	1609
878	904	1009	1112	1160	1266	1326	1379	1521	1537
888	907	1027	1076	1187	1248	1299	1442	1449	1582
818	905	991	1103	1169	1221	1362	1370	1494	1600
828	902	1018	1085	1142	1284	1290	1415	1512	1564
838	901	1000	1058	1205	1212	1335	1433	1476	1591
848	900	973	1121	1133	1257	1353	1397	1503	1573
858	906	1036	1049	1178	1275	1317	1424	1485	1546
595	893	980	1055	1140	1216	1303	1381	1461	1539
858	894	971	1082	1185	1225	1339	1399	1524	1593
868	897	1007	1100	1149	1252	1321	1444	1515	1530
878	895	1025	1064	1176	1234	1366	1435	1452	1566
888	892	989	1091	1158	1279	1357	1372	1488	1584
818	899	1016	1073	1203	1270	1294	1408	1506	1548
828	891	998	1118	1194	1207	1330	1426	1470	1575
838	896	1043	1109	1131	1243	1348	1390	1497	1557
848	898	1034	1046	1167	1261	1312	1417	1479	1602
586	955	1035	1117	1200	1285	1361	1448	1526	1606
848	959	963	1072	1173	1222	1325	1394	1517	1588
858	957	990	1090	1137	1249	1307	1439	1508	1534
868	962	1008	1054	1164	1231	1352	1430	1454	1561
878	961	972	1081	1146	1276	1343	1376	1481	1579
888	954	999	1063	1191	1267	1289	1403	1499	1543
818	958	981	1108	1182	1213	1316	1421	1463	1570
828	960	1026	1099	1128	1240	1334	1385	1490	1552
838	956	1017	1045	1155	1258	1298	1412	1472	1597
568	953	1031	1107	1190	1273	1358	1434	1513	1599
838	947	968	1062	1163	1282	1322	1380	1504	1581
848	952	986	1080	1199	1237	1304	1425	1495	1536
858	951	1004	1116	1154	1219	1349	1416	1450	1554
868	945	1040	1071	1136	1264	1340	1371	1468	1572
878	948	995	1053	1181	1255	1295	1389	1486	1608
888	950	977	1098	1172	1210	1313	1407	1522	1563
818	946	1022	1089	1127	1228	1331	1443	1477	1545
828	949	1013	1044	1145	1246	1367	1398	1459	1590
568	943	1024	1104	1179	1263	1346	1423	1507	1586
828	942	970	1059	1152	1272	1310	1441	1498	1568
838	941	979	1077	1188	1227	1364	1414	1489	1532
848	936	997	1113	1143	1281	1337	1405	1453	1541
858	938	1033	1068	1197	1254	1328	1369	1462	1559
868	940	988	1122	1170	1245	1292	1378	1480	1595
878	944	1042	1095	1161	1209	1301	1396	1516	1550
888	939	1015	1086	1125	1218	1319	1432	1471	1604
818	937	1006	1050	1134	1236	1355	1387	1525	1577
712	721	819	829	839	849	859	869	879	889
657	966	975	984	993	1002	1011	1020	1029	1038
656	1532	1541	1550	1559	1568	1577	1586	1595	1604
655	1450	1459	1468	1477	1486	1495	1504	1513	1522
654	1376	1385	1394	1403	1412	1421	1430	1439	1448
653	1294	1303	1312	1321	1330	1339	1348	1357	1366
652	1212	1221	1230	1239	1248	1257	1266	1275	1284
651	1130	1139	1148	1157	1166	1175	1184	1193	1202
650	1048	1057	1066	1075	1084	1093	1102	1111	1120
703	934	1016	1096	1170	1255	1338	1415	1499	1578
819	933	971	1123	1143	1264	1302	1433	1490	1560
829	932	1043	1069	1179	1219	1356	1406	1481	1533
839	927	989	1105	1134	1273	1329	1397	1454	1605
849	929	1025	1060	1188	1246	1320	1370	1526	1551
859	931	980	1114	1161	1237	1293	1442	1472	1587
869	935	1034	1087	1152	1210	1365	1388	1508	1542
879	930	1007	1078	1125	1282	1311	1424	1463	1596
889	928	998	1051	1197	1228	1347	1379	1517	1569
694	924	1003	1081	1169	1242	1328	1411	1488	1572
889	922	967	1108	1142	1251	1364	1429	1479	1554
819	918	1030	1054	1178	1278	1346	1402	1470	1536
829	919	976	1090	1205	1260	1319	1393	1452	1599
839	921	1012	1117	1187	1233	1310	1375	1515	1545
849	925	1039	1099	1160	1224	1292	1438	1461	1581
859	920	1021	1072	1151	1206	1355	1384	1497	1608
869	926	994	1063	1133	1269	1301	1420	1524	1590
879	923	985	1045	1196	1215	1337	1447	1506	1563
685	914	997	1076	1154	1234	1314	1401	1484	1561
879	909	970	1103	1199	1243	1350	1419	1475	1543
889	917	1024	1121	1163	1270	1332	1392	1466	1534
819	911	1042	1085	1190	1252	1305	1383	1457	1588
829	915	1006	1112	1172	1225	1296	1374	1511	1606
839	910	1033	1094	1145	1216	1287	1428	1529	1570
849	916	1015	1067	1136	1207	1341	1446	1493	1597
859	913	988	1058	1127	1261	1359	1410	1520	1579
869	912	979	1049	1181	1279	1323	1437	1502	1552
676	904	986	1070	1149	1227	1307	1386	1474	1549
869	907	968	1097	1194	1236	1343	1404	1465	1603
879	901	1013	1115	1158	1263	1325	1377	1528	1531
889	905	1031	1079	1185	1245	1298	1440	1456	1576
819	908	995	1106	1167	1218	1361	1368	1501	1594
829	906	1022	1088	1140	1281	1289	1413	1519	1558
839	903	1004	1061	1203	1209	1334	1431	1483	1585
849	902	977	1124	1131	1254	1352	1395	1510	1567
859	900	1040	1052	1176	1272	1316	1422	1492	1540
667	894	974	1059	1135	1222	1300	1380	1458	1547
859	899	965	1086	1180	1231	1336	1398	1521	1601
869	895	1001	1104	1144	1258	1318	1443	1512	1538
879	898	1019	1068	1171	1240	1363	1434	1449	1574
889	896	983	1095	1153	1285	1354	1371	1485	1592
819	893	1010	1077	1198	1276	1291	1407	1503	1556
829	892	992	1122	1189	1213	1327	1425	1467	1583
839	891	1037	1113	1126	1249	1345	1389	1494	1565
849	897	1028	1050	1162	1267	1309	1416	1476	1610
658	956	1036	1119	1204	1280	1367	1445	1525	1602
849	957	964	1074	1177	1217	1331	1391	1516	1584
859	960	991	1092	1141	1244	1313	1436	1507	1530
869	958	1009	1056	1168	1226	1358	1427	1453	1557
879	955	973	1083	1150	1271	1349	1373	1480	1575
889	962	1000	1065	1195	1262	1295	1400	1498	1539
819	954	982	1110	1186	1208	1322	1418	1462	1566
829	959	1027	1101	1132	1235	1340	1382	1489	1548
839	961	1018	1047	1159	1253	1304	1409	1471	1593
649	946	1026	1109	1192	1277	1353	1432	1518	1598
839	950	963	1064	1165	1286	1317	1378	1509	1580
849	948	981	1082	1201	1241	1299	1423	1500	1535
859	953	999	1118	1156	1223	1344	1414	1455	1553
869	952	1035	1073	1138	1268	1335	1369	1473	1571
879	945	990	1055	1183	1259	1290	1387	1491	1607
889	949	972	1100	1174	1214	1308	1405	1527	1562
819	951	1017	1091	1129	1232	1326	1441	1482	1544
829	947	1008	1046	1147	1250	1362	1396	1464	1589
649	944	1023	1098	1182	1265	1342	1426	1505	1591
829	938	969	1053	1155	1274	1306	1444	1496	1573
839	943	978	1071	1191	1229	1360	1417	1487	1537
849	942	996	1107	1146	1283	1333	1408	1451	1546
859	936	1032	1062	1200	1256	1324	1372	1460	1564
869	939	987	1116	1173	1247	1288	1381	1478	1600
879	941	1041	1089	1164	1211	1297	1399	1514	1555
889	937	1014	1080	1128	1220	1315	1435	1469	1609
819	940	1005	1044	1137	1238	1351	1390	1523	1582
793	802	820	830	840	850	860	870	880	890
738	967	976	985	994	1003	1012	1021	1030	1039
737	1533	1542	1551	1560	1569	1578	1587	1596	1605
736	1451	1460	1469	1478	1487	1496	1505	1514	1523
735	1369	1378	1387	1396	1405	1414	1423	1432	1441
734	1295	1304	1313	1322	1331	1340	1349	1358	1367
733	1213	1222	1231	1240	1249	1258	1267	1276	1285
732	1131	1140	1149	1158	1167	1176	1185	1194	1203
731	1049	1058	1067	1076	1085	1094	1103	1112	1121
784	935	1015	1089	1174	1257	1334	1418	1497	1583
820	929	970	1116	1147	1266	1298	1436	1488	1565
830	934	1042	1062	1183	1221	1352	1409	1479	1538
840	933	988	1098	1138	1275	1325	1400	1452	1610
850	927	1024	1053	1192	1248	1316	1373	1524	1556
860	930	979	1107	1165	1239	1289	1445	1470	1592
870	932	1033	1080	1156	1212	1361	1391	1506	1547
880	928	1006	1071	1129	1284	1307	1427	1461	1601
890	931	997	1044	1201	1230	1343	1382	1515	1574
775	925	1000	1088	1161	1247	1330	1407	1491	1570
890	924	964	1115	1134	1256	1366	1425	1482	1552
820	923	1027	1061	1170	1283	1348	1398	1473	1534
830	918	973	1097	1197	1265	1321	1389	1455	1597
840	920	1009	1124	1179	1238	1312	1371	1518	1543
850	922	1036	1106	1152	1229	1294	1434	1464	1579
860	926	1018	1079	1143	1211	1357	1380	1500	1606
870	921	991	1070	1125	1274	1303	1416	1527	1588
880	919	982	1052	1188	1220	1339	1443	1509	1561
766	915	995	1073	1153	1233	1320	1403	1480	1564
880	913	968	1100	1198	1242	1356	1421	1471	1546
890	909	1022	1118	1162	1269	1338	1394	1462	1537
820	910	1040	1082	1189	1251	1311	1385	1453	1591
830	912	1004	1109	1171	1224	1302	1376	1507	1609
840	916	1031	1091	1144	1215	1293	1430	1525	1573
850	911	1013	1064	1135	1206	1347	1448	1489	1600
860	917	986	1055	1126	1260	1365	1412	1516	1582
870	914	977	1046	1180	1278	1329	1439	1498	1555
757	905	989	1068	1146	1226	1305	1393	1468	1553
870	900	971	1095	1191	1235	1341	1411	1459	1607
880	908	1016	1113	1155	1262	1323	1384	1522	1535
890	902	1034	1077	1182	1244	1296	1447	1450	1580
820	906	998	1104	1164	1217	1359	1375	1495	1598
830	901	1025	1086	1137	1280	1287	1420	1513	1562
840	907	1007	1059	1200	1208	1332	1438	1477	1589
850	904	980	1122	1128	1253	1350	1402	1504	1571
860	903	1043	1050	1173	1271	1314	1429	1486	1544
748	895	978	1054	1141	1219	1299	1377	1466	1541
860	898	969	1081	1186	1228	1335	1395	1529	1595
870	892	1005	1099	1150	1255	1317	1440	1520	1532
880	896	1023	1063	1177	1237	1362	1431	1457	1568
890	899	987	1090	1159	1282	1353	1368	1493	1586
820	897	1014	1072	1204	1273	1290	1404	1511	1550
830	894	996	1117	1195	1210	1326	1422	1475	1577
840	893	1041	1108	1132	1246	1344	1386	1502	1559
850	891	1032	1045	1168	1264	1308	1413	1484	1604
739	957	1038	1123	1199	1286	1364	1444	1521	1603
850	962	966	1078	1172	1223	1328	1390	1512	1585
860	958	993	1096	1136	1250	1310	1435	1503	1531
870	961	1011	1060	1163	1232	1355	1426	1449	1558
880	959	975	1087	1145	1277	1346	1372	1476	1576
890	956	1002	1069	1190	1268	1292	1399	1494	1540
820	955	984	1114	1181	1214	1319	1417	1458	1567
830	954	1029	1105	1127	1241	1337	1381	1485	1549
840	960	1020	1051	1154	1259	1301	1408	1467	1594
730	947	1028	1111	1196	1272	1351	1437	1517	1593
840	948	965	1066	1169	1281	1315	1383	1508	1575
850	951	983	1084	1205	1236	1297	1428	1499	1530
860	949	1001	1120	1160	1218	1342	1419	1454	1548
870	946	1037	1075	1142	1263	1333	1374	1472	1566
880	953	992	1057	1187	1254	1288	1392	1490	1602
890	945	974	1102	1178	1209	1306	1410	1526	1557
820	950	1019	1093	1133	1227	1324	1446	1481	1539
830	952	1010	1048	1151	1245	1360	1401	1463	1584
730	937	1017	1101	1184	1261	1345	1424	1510	1590
830	941	963	1056	1157	1270	1309	1442	1501	1572
840	939	972	1074	1193	1225	1363	1415	1492	1536
850	944	990	1110	1148	1279	1336	1406	1456	1545
860	943	1026	1065	1202	1252	1327	1370	1465	1563
870	936	981	1119	1175	1243	1291	1379	1483	1599
880	940	1035	1092	1166	1207	1300	1397	1519	1554
890	942	1008	1083	1130	1216	1318	1433	1474	1608
820	938	999	1047	1139	1234	1354	1388	1528	1581
0	17	27	37	47	57	67	77	87	821
0	97	107	117	127	137	147	157	167	832
0	177	187	197	207	217	227	237	247	843
0	257	267	277	287	297	307	317	327	854
0	337	347	357	367	377	387	397	407	865
0	417	427	437	447	457	467	477	487	876
0	497	507	517	527	537	547	557	567	887
0	568	578	588	598	608	618	628	638	648
0	649	659	669	679	689	699	709	719	729
0	730	740	750	760	770	780	790	800	810
1	18	28	38	48	58	68	78	80	811
1	98	108	118	128	138	148	158	160	842
1	178	188	198	208	218	228	238	240	833
1	258	268	278	288	298	308	318	320	864
1	338	348	358	368	378	388	398	400	855
1	418	428	438	448	458	468	478	480	886
1	498	508	518	528	538	548	558	560	877
1	568	579	589	599	609	619	629	639	641
1	649	660	670	680	690	700	710	720	722
1	730	741	751	761	771	781	791	801	803
2	19	29	39	49	59	69	71	81	841
2	99	109	119	129	139	149	151	161	812
2	179	189	199	209	219	229	231	241	823
2	259	269	279	289	299	309	311	321	874
2	339	349	359	369	379	389	391	401	885
2	419	429	439	449	459	469	471	481	856
2	499	509	519	529	539	549	551	561	867
2	568	580	590	600	610	620	630	632	642
2	649	661	671	681	691	701	711	713	723
2	730	742	752	762	772	782	792	794	804
3	20	30	40	50	60	62	72	82	831
3	100	110	120	130	140	142	152	162	822
3	180	190	200	210	220	222	232	242	813
3	260	270	280	290	300	302	312	322	884
3	340	350	360	370	380	382	392	402	875
3	420	430	440	450	460	462	472	482	866
3	500	510	520	530	540	542	552	562	857
3	568	581	591	601	611	621	623	633	643
3	649	662	672	682	692	702	704	714	724
3	730	743	753	763	773	783	785	795	805
4	21	31	41	51	53	63	73	83	861
4	101	111	121	131	133	143	153	163	872
4	181	191	201	211	213	223	233	243	883
4	261	271	281	291	293	303	313	323	814
4	341	351	361	371	373	383	393	403	825
4	421	431	441	451	453	463	473	483	836
4	501	511	521	531	533	543	553	563	847
4	568	582	592	602	612	614	624	634	644
4	649	663	673	683	693	695	705	715	725
4	730	744	754	764	774	776	786	796	806
5	22	32	42	44	54	64	74	84	851
5	102	112	122	124	134	144	154	164	882
5	182	192	202	204	214	224	234	244	873
5	262	272	282	284	294	304	314	324	824
5	342	352	362	364	374	384	394	404	815
5	422	432	442	444	454	464	474	484	846
5	502	512	522	524	534	544	554	564	837
5	568	583	593	603	605	615	625	635	645
5	649	664	674	684	686	696	706	716	726
5	730	745	755	765	767	777	787	797	807
6	23	33	35	45	55	65	75	85	881
6	103	113	115	125	135	145	155	165	852
6	183	193	195	205	215	225	235	245	863
6	263	273	275	285	295	305	315	325	834
6	343	353	355	365	375	385	395	405	845
6	423	433	435	445	455	465	475	485	816
6	503	513	515	525	535	545	555	565	827
6	568	584	594	596	606	616	626	636	646
6	649	665	675	677	687	697	707	717	727
6	730	746	756	758	768	778	788	798	808
7	24	26	36	46	56	66	76	86	871
7	104	106	116	126	136	146	156	166	862
7	184	186	196	206	216	226	236	246	853
7	264	266	276	286	296	306	316	326	844
7	344	346	356	366	376	386	396	406	835
7	424	426	436	446	456	466	476	486	826
7	504	506	516	526	536	546	556	566	817
7	568	585	587	597	607	617	627	637	647
7	649	666	668	678	688	698	708	718	728
7	730	747	749	759	769	779	789	799	809
8	132	213	294	375	456	537	619	701	783
8	133	217	295	380	459	532	617	700	777
8	134	215	298	376	453	540	613	699	782
8	135	220	296	379	457	534	614	694	781
8	136	219	293	377	460	538	616	696	775
8	137	212	300	374	458	533	620	698	778
8	138	216	292	373	455	539	615	702	780
8	139	218	297	372	454	536	621	697	776
8	140	214	299	378	452	535	618	695	779
9	123	205	286	367	448	529	611	693	767
9	124	206	291	370	443	527	610	687	771
9	125	209	287	364	451	523	609	692	769
9	126	207	290	368	445	524	604	691	774
9	127	204	288	371	449	526	606	685	773
9	128	211	285	369	444	530	608	688	766
9	129	203	284	366	450	525	612	690	770
9	130	208	283	365	447	531	607	686	772
9	131	210	289	363	446	528	605	689	768
10	114	197	278	359	440	521	603	677	759
10	115	202	281	354	438	520	597	681	760
10	116	198	275	362	434	519	602	679	763
10	117	201	279	356	435	514	601	684	761
10	118	199	282	360	437	516	595	683	758
10	119	196	280	355	441	518	598	676	765
10	120	195	277	361	436	522	600	680	757
10	121	194	276	358	442	517	596	682	762
10	122	200	274	357	439	515	599	678	764
11	105	189	270	351	432	513	587	669	751
11	106	192	265	349	431	507	591	670	756
11	107	186	273	345	430	512	589	673	752
11	108	190	267	346	425	511	594	671	755
11	109	193	271	348	427	505	593	668	753
11	110	191	266	352	429	508	586	675	750
11	111	188	272	347	433	510	590	667	749
11	112	187	269	353	428	506	592	672	748
11	113	185	268	350	426	509	588	674	754
12	96	181	262	343	424	497	579	661	743
12	97	176	260	342	418	501	580	666	746
12	98	184	256	341	423	499	583	662	740
12	99	178	257	336	422	504	581	665	744
12	100	182	259	338	416	503	578	663	747
12	101	177	263	340	419	496	585	660	745
12	102	183	258	344	421	500	577	659	742
12	103	180	264	339	417	502	582	658	741
12	104	179	261	337	420	498	584	664	739
13	159	245	326	407	480	561	643	725	807
13	160	243	325	401	484	562	648	728	802
13	161	239	324	406	482	565	644	722	810
13	162	240	319	405	487	563	647	726	804
13	163	242	321	399	486	560	645	729	808
13	164	246	323	402	479	567	642	727	803
13	165	241	327	404	483	559	641	724	809
13	166	247	322	400	485	564	640	723	806
13	167	244	320	403	481	566	646	721	805
14	150	237	318	391	472	553	635	717	799
14	151	236	312	395	473	558	638	712	797
14	152	235	317	393	476	554	632	720	793
14	153	230	316	398	474	557	636	714	794
14	154	232	310	397	471	555	639	718	796
14	155	234	313	390	478	552	637	713	800
14	156	238	315	394	470	551	634	719	795
14	157	233	311	396	475	550	633	716	801
14	158	231	314	392	477	556	631	715	798
15	141	229	302	383	464	545	627	709	791
15	142	223	306	384	469	548	622	707	790
15	143	228	304	387	465	542	630	703	789
15	144	227	309	385	468	546	624	704	784
15	145	221	308	382	466	549	628	706	786
15	146	224	301	389	463	547	623	710	788
15	147	226	305	381	462	544	629	705	792
15	148	222	307	386	461	543	626	711	787
15	149	225	303	388	467	541	625	708	785
16	88	177	266	355	444	533	623	713	803
16	97	213	275	400	471	488	605	704	749
16	106	195	302	364	417	560	569	695	794
16	115	240	284	391	453	506	578	650	785
16	124	231	257	373	480	542	596	668	731
16	133	168	320	346	462	497	632	686	758
16	142	204	248	337	435	551	587	722	776
16	151	222	293	328	426	524	641	677	740
16	160	186	311	382	408	515	614	659	767
17	88	181	268	362	450	532	626	718	804
17	101	212	282	401	476	488	611	707	751
17	108	202	305	370	421	561	569	694	799
17	122	241	290	396	452	508	582	650	788
17	130	236	261	372	481	545	603	670	731
17	132	168	321	348	465	501	637	692	765
17	145	210	248	341	442	556	589	723	775
17	156	225	292	328	428	530	642	684	744
17	161	188	316	385	408	522	613	663	773
18	88	179	273	361	443	536	628	714	807
18	99	216	281	404	472	488	604	709	756
18	113	201	307	363	419	564	569	698	795
18	121	244	283	392	456	513	580	650	790
18	123	232	259	376	484	547	602	675	731
18	136	168	324	353	467	499	633	685	764
18	147	203	248	339	441	552	594	726	779
18	152	227	296	328	433	523	645	683	742
18	164	193	312	387	408	521	617	661	766
19	88	184	272	354	447	538	624	717	805
19	104	218	274	402	475	488	608	705	755
19	112	194	303	367	424	562	569	700	798
19	114	242	287	395	458	512	585	650	786
19	127	235	264	378	482	543	595	674	731
19	138	168	322	352	463	504	636	689	757
19	143	207	248	344	434	555	593	724	781
19	155	223	298	328	432	527	643	676	747
19	162	192	315	383	408	514	619	666	770
20	88	183	265	358	449	534	627	715	810
20	103	214	278	407	473	488	610	708	748
20	105	198	306	369	423	567	569	696	796
20	118	247	289	393	454	505	584	650	789
20	129	233	263	374	487	546	599	667	731
20	134	168	327	345	466	503	634	691	761
20	146	209	248	343	438	553	586	729	777
20	153	226	294	328	425	529	648	680	746
20	167	185	313	386	408	518	615	665	772
21	88	176	269	360	445	537	625	720	809
21	96	217	280	406	478	488	606	706	752
21	109	200	304	365	416	566	569	699	801
21	120	246	285	398	457	509	577	650	787
21	125	238	256	377	486	544	601	671	731
21	137	168	326	349	464	496	639	687	763
21	144	205	248	336	440	558	590	728	780
21	158	224	297	328	429	525	647	682	739
21	166	189	318	384	408	520	618	658	768
22	88	180	271	356	448	535	630	719	802
22	100	215	276	399	477	488	609	711	754
22	111	196	309	368	420	559	569	697	800
22	116	239	288	397	455	511	581	650	792
22	128	237	260	375	479	549	597	673	731
22	135	168	319	351	469	500	638	690	759
22	149	208	248	340	436	557	592	721	778
22	157	229	295	328	431	528	640	678	743
22	159	191	317	389	408	516	616	662	771
23	88	182	267	359	446	540	629	712	806
23	102	220	279	403	470	488	607	710	750
23	107	199	308	366	422	563	569	702	793
23	119	243	286	390	460	507	583	650	791
23	126	230	262	380	483	548	600	669	731
23	140	168	323	347	468	502	631	688	762
23	148	206	248	342	439	550	588	725	783
23	150	228	300	328	427	526	644	681	745
23	163	187	310	388	408	519	621	664	769
24	88	178	270	357	451	539	622	716	808
24	98	219	277	405	474	488	612	703	753
24	110	197	301	371	418	565	569	701	797
24	117	245	291	394	459	510	579	650	784
24	131	234	258	379	485	541	598	672	731
24	139	168	325	350	461	498	635	693	760
24	141	211	248	338	437	554	591	727	782
24	154	221	299	328	430	531	646	679	741
24	165	190	314	381	408	517	620	660	774
25	95	193	282	371	460	549	639	729	747
25	104	202	327	398	415	531	630	675	783
25	113	229	291	344	487	495	621	720	765
25	122	211	318	380	433	504	576	711	810
25	131	184	300	407	469	522	594	657	801
25	140	247	273	389	424	558	612	684	738
25	149	175	264	362	478	513	648	702	774
25	158	220	255	353	451	567	603	666	792
25	167	238	309	335	442	540	585	693	756
26	95	187	281	369	452	544	636	722	743
26	100	201	320	395	415	529	625	669	775
26	107	224	289	340	480	495	613	717	764
26	121	209	315	372	427	500	576	706	803
26	129	180	292	400	464	521	588	657	798
26	132	240	267	384	420	555	610	683	738
26	144	175	260	361	475	507	641	694	772
26	155	212	255	347	449	560	602	662	787
26	160	235	304	335	441	532	581	691	750
27	95	192	280	363	455	546	632	725	741
27	98	200	323	391	415	523	627	674	778
27	112	226	283	338	483	495	616	713	763
27	120	203	311	375	432	498	576	708	806
27	123	178	295	403	466	520	593	657	794
27	135	243	272	386	418	551	604	682	738
27	146	175	258	360	471	512	644	697	766
27	151	215	255	352	443	563	601	660	789
27	163	231	306	335	440	535	579	685	755
28	95	191	274	366	457	542	635	723	746
28	103	194	321	394	415	526	623	673	780
28	111	222	286	343	481	495	618	716	757
28	114	206	314	377	431	503	576	704	804
28	126	183	297	401	462	514	592	657	797
28	137	241	271	382	423	554	607	676	738
28	142	175	263	354	474	511	642	699	769
28	154	217	255	351	446	561	595	665	785
28	161	234	302	335	434	537	584	688	754
29	95	185	277	368	453	545	633	728	745
29	102	197	326	392	415	528	626	667	776
29	105	225	288	342	486	495	614	714	760
29	117	208	312	373	425	502	576	707	809
29	128	182	293	406	465	517	586	657	795
29	133	246	265	385	422	552	609	679	738
29	145	175	262	357	472	505	647	695	771
29	152	213	255	345	448	566	598	664	788
29	166	232	305	335	437	533	583	690	748
30	95	188	279	364	456	543	638	727	739
30	96	199	325	397	415	524	624	670	779
30	108	223	284	336	485	495	617	719	762
30	119	204	317	376	428	496	576	705	808
30	124	176	296	405	463	519	589	657	800
30	136	245	268	383	416	557	605	681	738
30	143	175	256	359	477	508	646	698	767
30	157	216	255	348	444	565	600	658	786
30	165	237	303	335	439	536	577	686	751
31	95	190	275	367	454	548	637	721	742
31	99	195	319	396	415	527	629	672	777
31	110	228	287	339	479	495	615	718	758
31	115	207	316	374	430	499	576	710	802
31	127	179	294	399	468	515	591	657	799
31	134	239	270	388	419	556	608	677	738
31	148	175	259	355	476	510	640	696	770
31	156	214	255	350	447	559	596	661	791
31	159	236	308	335	435	534	580	689	753
32	95	186	278	365	459	547	631	724	744
32	101	198	322	390	415	525	628	668	782
32	106	227	285	341	482	495	620	712	761
32	118	205	310	379	426	501	576	709	805
32	125	181	299	402	467	518	587	657	793
32	139	242	266	387	421	550	606	680	738
32	147	175	261	358	470	506	643	701	768
32	150	219	255	346	445	562	599	663	790
32	162	230	307	335	438	539	582	687	749
33	95	189	276	370	458	541	634	726	740
33	97	196	324	393	415	530	622	671	781
33	109	221	290	337	484	495	619	715	759
33	116	210	313	378	429	497	576	703	807
33	130	177	298	404	461	516	590	657	796
33	138	244	269	381	417	553	611	678	738
33	141	175	257	356	473	509	645	700	773
33	153	218	255	349	450	564	597	659	784
33	164	233	301	335	436	538	578	692	752
34	94	201	290	379	468	557	647	665	755
34	103	246	317	334	450	548	593	701	764
34	112	210	263	406	414	539	638	683	791
34	121	237	299	352	423	494	629	728	773
34	130	219	326	388	441	512	575	719	746
34	139	192	308	343	477	530	602	656	809
34	148	183	281	397	432	566	620	692	737
34	157	174	272	370	486	521	584	710	782
34	166	228	254	361	459	503	611	674	800
35	94	200	288	372	463	554	648	661	749
35	99	247	314	334	448	543	587	694	763
35	106	208	259	407	414	532	635	682	786
35	120	234	292	346	419	494	624	729	771
35	128	212	327	383	440	506	575	716	742
35	132	186	303	339	474	528	601	656	810
35	143	179	280	394	426	567	613	690	737
35	154	174	266	368	487	520	580	705	775
35	167	223	254	360	452	499	609	668	797
36	94	199	283	374	465	558	643	659	754
36	97	242	318	334	443	545	592	696	762
36	111	203	257	402	414	534	639	681	788
36	119	238	294	351	417	494	626	724	766
36	123	214	322	385	439	511	575	720	740
36	134	191	305	337	478	523	600	656	805
36	145	177	279	398	431	562	615	685	737
36	158	174	271	363	482	519	578	707	777
36	162	225	254	359	454	497	604	673	801
37	94	194	285	376	469	553	641	664	753
37	102	240	313	334	445	549	591	698	757
37	110	205	262	400	414	536	634	676	792
37	114	233	296	350	422	494	630	722	768
37	125	216	320	389	434	510	575	715	745
37	136	190	309	342	473	525	595	656	803
37	149	182	274	393	430	560	617	687	737
37	153	174	270	365	480	514	583	711	779
37	160	229	254	354	456	502	606	672	796
38	94	196	287	380	464	551	646	663	748
38	101	245	311	334	447	544	586	702	759
38	105	207	261	405	414	540	632	678	787
38	116	231	300	345	421	494	625	727	770
38	127	220	325	384	436	505	575	713	744
38	140	185	304	341	471	527	597	656	808
38	144	181	276	391	425	565	621	689	737
38	151	174	265	367	485	516	582	706	783
38	165	224	254	356	460	501	608	667	794
39	94	198	291	375	462	556	645	658	750
39	96	244	316	334	451	542	588	697	761
39	107	211	256	404	414	535	637	680	785
39	118	236	295	347	416	494	623	726	774
39	131	215	324	382	438	507	575	718	739
39	135	187	302	336	476	531	599	656	807
39	142	176	278	396	427	564	616	693	737
39	156	174	267	371	484	518	577	704	778
39	164	222	254	358	455	496	612	669	799
40	94	202	286	373	467	555	640	660	752
40	98	239	315	334	446	547	590	695	765
40	109	206	258	399	414	533	636	684	790
40	122	235	293	349	418	494	628	721	769
40	126	213	319	387	442	509	575	717	741
40	133	189	307	338	475	526	603	656	802
40	147	178	282	395	429	559	614	688	737
40	155	174	269	366	479	522	579	709	776
40	159	227	254	362	453	498	607	671	798
41	94	197	284	378	466	550	642	662	756
41	100	241	310	334	444	546	594	700	760
41	113	204	260	401	414	538	631	679	789
41	117	230	298	353	420	494	627	723	767
41	124	218	321	386	437	513	575	712	743
41	138	193	306	340	470	524	598	656	804
41	146	180	277	390	433	561	619	686	737
41	150	174	273	364	481	517	581	708	781
41	161	226	254	357	458	500	605	675	793
42	94	195	289	377	461	552	644	666	751
42	104	243	312	334	449	541	589	699	758
42	108	209	264	403	414	537	633	677	784
42	115	232	297	348	424	494	622	725	772
42	129	217	323	381	435	508	575	714	747
42	137	188	301	344	472	529	596	656	806
42	141	184	275	392	428	563	618	691	737
42	152	174	268	369	483	515	585	703	780
42	163	221	254	355	457	504	610	670	795
43	93	209	298	387	476	565	583	673	763
43	102	236	253	369	467	511	619	682	808
43	111	182	325	333	458	556	601	709	772
43	120	218	271	342	413	547	646	691	799
43	129	245	307	360	431	493	637	664	781
43	138	227	262	396	449	520	574	727	754
43	147	200	316	351	485	538	610	655	745
43	156	191	289	405	440	502	628	700	736
43	165	173	280	378	422	529	592	718	790
44	93	207	292	382	473	566	579	675	762
44	98	233	253	367	462	513	613	681	809
44	113	178	326	333	452	553	600	704	770
44	119	212	273	338	413	542	647	689	796
44	127	246	302	359	433	493	634	660	775
44	132	222	258	393	447	519	574	728	756
44	142	199	313	353	486	532	608	655	741
44	153	193	287	406	439	498	623	694	736
44	166	173	279	372	418	527	594	715	785
45	93	203	293	384	477	561	585	672	761
45	104	237	253	363	464	510	614	680	804
45	110	184	321	333	453	557	599	706	766
45	118	213	270	344	413	544	642	685	800
45	123	241	304	358	430	493	638	666	776
45	133	224	264	397	443	518	574	723	753
45	144	198	317	350	481	533	604	655	747
45	157	190	283	401	438	504	625	695	736
45	161	173	278	373	424	523	591	719	787
46	93	204	295	388	472	567	582	671	757
46	101	232	253	364	468	509	616	676	810
46	109	181	327	333	455	552	595	710	767
46	114	215	269	341	413	548	648	686	795
46	124	247	308	354	429	493	633	663	778
46	135	228	261	392	444	514	574	729	752
46	148	194	312	349	487	535	605	655	744
46	152	189	284	407	434	501	629	697	736
46	167	173	274	375	421	524	590	714	791
47	93	206	299	383	478	564	581	667	758
47	100	238	253	366	463	505	620	677	807
47	105	180	324	333	459	558	596	705	769
47	115	219	265	340	413	543	645	688	801
47	126	244	303	355	425	493	639	662	782
47	139	223	260	398	446	515	574	726	748
47	143	195	318	345	484	539	607	655	743
47	158	185	286	404	435	500	624	701	736
47	164	173	275	379	420	526	586	720	786
48	93	210	294	389	475	563	577	668	760
48	96	235	253	370	469	506	615	679	806
48	106	176	323	333	454	555	598	711	773
48	117	214	266	336	413	549	644	692	798
48	130	243	309	357	426	493	636	658	777
48	134	229	256	395	450	517	574	725	749
48	149	197	315	346	483	534	611	655	739
48	155	186	290	403	437	496	630	696	736
48	163	173	277	374	416	530	587	717	792
49	93	205	300	386	474	559	578	670	764
49	97	234	253	365	466	508	621	683	802
49	108	177	319	333	460	554	602	708	768
49	121	220	268	337	413	546	640	687	797
49	125	239	306	361	428	493	635	659	783
49	140	226	257	394	445	521	574	721	751
49	146	201	314	348	479	540	606	655	740
49	154	188	285	399	441	497	627	702	736
49	159	173	281	380	417	525	589	716	789
50	93	211	297	385	470	560	580	674	759
50	99	230	253	371	465	512	618	678	803
50	112	179	320	333	457	550	597	707	774
50	116	217	272	339	413	545	641	693	793
50	131	240	305	356	432	493	631	661	780
50	137	225	259	390	451	516	574	722	755
50	145	196	310	352	480	537	612	655	742
50	150	192	291	400	436	499	626	699	736
50	160	173	276	377	419	531	593	712	788
51	93	208	296	381	471	562	584	669	765
51	103	231	253	368	461	507	617	684	805
51	107	183	322	333	456	551	603	703	771
51	122	216	267	343	413	541	643	690	794
51	128	242	301	362	427	493	632	665	779
51	136	221	263	391	448	522	574	724	750
51	141	202	311	347	482	536	609	655	746
51	151	187	288	402	442	503	622	698	736
51	162	173	282	376	423	528	588	713	784
52	92	217	306	395	484	501	591	681	771
52	101	172	288	386	430	537	600	726	798
52	110	244	252	377	475	519	627	690	744
52	119	190	261	332	466	564	609	717	780
52	128	226	279	350	412	555	582	699	807
52	137	181	315	368	439	492	645	672	789
52	146	235	270	404	457	528	573	663	762
52	155	208	324	359	421	546	618	654	753
52	164	199	297	341	448	510	636	708	735
53	92	212	309	392	485	497	593	680	769
53	97	172	286	389	432	532	599	727	795
53	112	245	252	372	472	518	630	688	740
53	118	192	257	332	469	565	607	714	775
53	126	229	278	352	412	552	578	694	808
53	132	177	312	366	438	492	646	674	792
53	149	232	272	405	452	526	573	659	761
53	152	206	325	358	417	549	613	654	755
53	165	198	292	337	446	512	633	711	735
54	92	220	303	396	480	503	590	679	766
54	103	172	283	383	429	540	598	722	799
54	109	240	252	380	476	517	624	685	746
54	117	189	263	332	463	560	604	718	783
54	123	223	277	349	412	556	584	702	803
54	140	183	316	363	437	492	641	671	786
54	143	236	269	400	460	523	573	665	760
54	156	203	320	357	423	543	621	654	752
54	160	197	300	343	443	509	637	705	735
55	92	214	307	391	486	500	589	676	774
55	100	172	291	387	428	534	595	728	794
55	108	246	252	374	471	514	628	693	743
55	114	188	260	332	467	566	612	713	777
55	131	227	274	348	412	551	581	696	809
55	134	180	311	371	434	492	647	670	790
55	147	231	268	406	454	531	573	662	757
55	151	211	326	354	420	547	615	654	751
55	166	194	294	340	451	508	632	709	735
56	92	218	302	397	483	499	586	684	768
56	99	172	285	382	425	538	603	725	800
56	105	243	252	378	477	522	623	687	742
56	122	185	259	332	462	563	606	719	781
56	125	222	282	345	412	557	580	700	806
56	138	179	317	365	442	492	644	667	785
56	142	237	265	403	458	525	573	661	765
56	157	205	323	362	419	542	619	654	748
56	163	202	298	339	445	505	638	704	735
57	92	213	308	394	482	496	594	678	772
57	96	172	289	388	433	533	597	724	797
57	113	242	252	373	474	516	629	691	739
57	116	193	256	332	468	562	610	716	776
57	129	228	276	353	412	554	577	695	805
57	133	176	314	369	436	492	643	675	791
57	148	234	273	402	453	529	573	658	759
57	154	209	322	356	416	548	614	654	756
57	162	196	293	336	449	513	635	710	735
58	92	219	305	393	479	504	588	682	767
58	104	172	284	385	427	539	601	721	796
58	107	239	252	379	473	520	626	686	747
58	120	187	264	332	465	559	605	715	782
58	124	225	280	347	412	553	585	701	802
58	139	184	313	364	440	492	640	669	788
58	145	233	267	399	459	524	573	666	763
58	153	204	319	360	424	545	620	654	750
58	159	200	299	344	444	507	634	707	735
59	92	216	304	390	487	498	592	677	773
59	98	172	290	384	431	536	596	729	793
59	111	247	252	376	470	515	625	692	741
59	115	191	258	332	464	567	611	712	779
59	130	224	275	351	412	550	579	698	810
59	136	178	310	370	435	492	648	673	787
59	144	230	271	407	456	530	573	660	758
59	150	210	327	355	418	544	617	654	754
59	167	195	296	338	450	511	631	706	735
60	92	215	301	398	481	502	587	683	770
60	102	172	287	381	426	535	602	723	801
60	106	241	252	375	478	521	622	689	745
60	121	186	262	332	461	561	608	720	778
60	127	221	281	346	412	558	583	697	804
60	135	182	318	367	441	492	642	668	784
60	141	238	266	401	455	527	573	664	764
60	158	207	321	361	422	541	616	654	749
60	161	201	295	342	447	506	639	703	735
61	91	225	314	403	420	509	599	689	779
61	100	207	305	349	456	518	644	716	734
61	109	171	296	394	438	545	608	662	806
61	118	180	251	385	483	527	635	698	752
61	127	198	269	331	474	500	617	725	788
61	136	234	287	358	411	563	590	707	743
61	145	189	323	376	447	491	581	680	797
61	154	243	278	340	465	536	572	671	770
61	163	216	260	367	429	554	626	653	761
62	91	228	311	404	424	511	598	687	775
62	104	205	308	351	452	517	645	713	734
62	111	171	292	391	437	548	606	666	807
62	117	184	251	388	484	525	632	694	754
62	125	197	271	331	471	504	613	726	791
62	132	231	285	357	411	564	592	710	747
62	148	191	324	372	445	491	585	679	794
62	151	244	277	344	468	532	572	673	768
62	164	212	264	365	431	551	629	653	760
63	91	222	315	407	422	508	597	685	782
63	102	203	302	348	459	516	648	717	734
63	108	171	299	395	436	542	604	664	810
63	116	182	251	382	487	523	636	701	751
63	123	196	268	331	475	502	620	729	785
63	139	235	283	356	411	567	589	704	745
63	142	188	327	379	443	491	583	678	798
63	155	247	276	342	462	539	572	670	766
63	167	219	262	363	428	555	623	653	759
64	91	226	318	405	419	507	595	692	776
64	99	210	306	347	453	514	646	720	734
64	107	171	293	398	434	546	611	661	808
64	114	179	251	386	485	530	639	695	750
64	130	194	267	331	478	499	614	727	789
64	133	238	290	354	411	565	588	708	742
64	146	187	325	373	450	491	580	676	801
64	158	245	274	339	466	533	572	669	773
64	165	213	259	370	427	558	627	653	757
65	91	229	316	402	418	505	602	686	780
65	98	204	309	345	457	521	643	718	734
65	105	171	297	396	441	549	605	660	805
65	121	178	251	389	482	524	637	699	748
65	124	201	265	331	476	498	618	724	792
65	137	236	284	361	411	562	586	711	741
65	149	185	322	377	444	491	579	683	799
65	156	242	281	338	469	537	572	667	767
65	162	217	258	364	425	556	630	653	764
66	91	227	313	401	416	512	596	690	783
66	96	208	307	352	460	515	642	715	734
66	112	171	300	393	435	547	609	658	804
66	115	176	251	387	481	528	634	702	755
66	128	195	272	331	473	496	621	723	790
66	140	233	288	355	411	561	593	709	739
66	147	192	321	380	448	491	577	677	796
66	153	241	275	336	467	540	572	674	771
66	161	220	256	368	432	553	628	653	758
67	91	224	312	399	423	506	600	693	781
67	103	211	304	346	458	519	640	714	734
67	106	171	298	392	439	544	612	665	802
67	119	183	251	384	479	531	633	700	749
67	131	199	266	331	472	503	619	721	787
67	138	232	291	359	411	559	587	706	746
67	144	186	319	378	451	491	584	681	795
67	152	239	279	343	464	538	572	668	774
67	159	218	263	371	426	552	625	653	762
68	91	223	310	406	417	510	603	691	778
68	97	209	303	350	455	522	647	712	734
68	110	171	295	390	442	543	610	659	809
68	122	177	251	383	486	529	631	697	753
68	129	202	270	331	470	497	616	728	786
68	135	230	289	362	411	566	591	705	740
68	143	190	326	375	449	491	578	684	793
68	150	246	282	337	463	535	572	672	772
68	166	215	257	369	430	550	624	653	765
69	91	221	317	400	421	513	601	688	777
69	101	206	301	353	454	520	641	719	734
69	113	171	294	397	440	541	607	663	803
69	120	181	251	381	480	526	638	696	756
69	126	200	273	331	477	501	615	722	784
69	134	237	286	360	411	560	594	703	744
69	141	193	320	374	446	491	582	682	800
69	157	240	280	341	461	534	572	675	769
69	160	214	261	366	433	557	622	653	763
70	90	233	322	339	428	517	607	697	787
70	99	224	268	375	437	562	634	652	769
70	108	215	313	357	464	526	580	724	733
70	117	170	304	402	446	553	616	670	742
70	126	188	250	393	419	535	643	706	760
70	135	206	277	330	482	508	625	661	796
70	144	242	295	366	410	499	598	715	751
70	153	197	259	384	455	490	589	688	805
70	162	179	286	348	473	544	571	679	778
71	90	238	323	343	430	516	605	694	790
71	103	227	270	372	436	563	639	652	767
71	110	212	318	356	467	524	584	725	733
71	116	170	307	403	444	558	613	672	746
71	124	190	250	398	423	532	644	709	759
71	132	204	276	330	483	510	628	665	801
71	147	243	292	364	410	503	597	720	753
71	158	196	263	387	452	490	591	686	806
71	163	183	284	350	478	547	571	678	775
72	90	234	326	341	427	515	604	700	792
72	101	229	267	378	435	566	635	652	766
72	107	218	314	355	469	523	582	728	733
72	115	170	309	406	443	554	619	669	744
72	123	187	250	394	421	538	647	711	758
72	138	203	275	330	486	507	630	663	797
72	149	246	298	363	410	501	596	716	750
72	154	195	261	389	458	490	588	685	809
72	166	181	283	347	474	549	571	677	781
73	90	237	324	338	426	514	610	702	788
73	98	225	266	380	434	564	638	652	772
73	106	220	317	354	465	529	579	726	733
73	114	170	305	404	449	557	621	668	741
73	129	186	250	397	418	540	645	707	757
73	140	209	274	330	484	506	626	660	800
73	145	244	300	369	410	498	595	719	749
73	157	194	258	385	460	490	587	691	807
73	164	178	289	346	477	545	571	676	783
74	90	235	321	337	425	520	612	698	791
74	97	228	265	376	440	561	636	652	774
74	105	216	315	360	468	531	578	723	733
74	120	170	308	401	451	555	617	667	740
74	131	185	250	395	417	536	642	710	763
74	136	211	280	330	481	505	629	659	798
74	148	241	296	371	410	497	601	717	748
74	155	200	257	388	456	490	586	693	804
74	161	177	291	345	475	548	571	682	779
75	90	232	320	336	431	522	608	701	789
75	96	226	271	379	442	560	633	652	770
75	111	219	312	362	466	527	577	722	733
75	122	170	306	400	447	552	620	673	739
75	127	191	250	392	416	539	641	708	765
75	139	207	282	330	480	511	627	658	795
75	146	240	299	367	410	496	603	714	754
75	152	202	256	386	459	490	592	689	803
75	160	176	287	351	472	546	571	684	782
76	90	231	319	342	433	518	611	699	786
76	102	223	273	377	438	559	632	652	773
76	113	217	311	358	463	530	583	721	733
76	118	170	303	399	450	551	618	675	745
76	130	193	250	391	422	537	640	705	761
76	137	210	278	330	479	513	624	664	794
76	143	239	297	370	410	502	599	713	756
76	151	198	262	383	457	490	594	692	802
76	159	182	290	353	471	543	571	680	780
77	90	230	325	344	429	521	609	696	785
77	104	222	269	374	441	565	631	652	771
77	109	214	310	361	462	528	585	727	733
77	121	170	302	405	448	550	615	671	747
77	128	189	250	390	424	534	646	704	764
77	134	208	281	330	485	509	623	666	793
77	142	245	294	368	410	504	602	712	752
77	150	201	264	382	454	490	590	690	808
77	165	184	288	349	470	542	571	683	777
78	90	236	327	340	432	519	606	695	784
78	100	221	272	373	439	567	637	652	768
78	112	213	316	359	461	525	581	729	733
78	119	170	301	407	445	556	614	674	743
78	125	192	250	396	420	533	648	703	762
78	133	205	279	330	487	512	622	662	799
78	141	247	293	365	410	500	600	718	755
78	156	199	260	381	453	490	593	687	810
78	167	180	285	352	476	541	571	681	776
79	89	241	258	347	436	525	615	705	795
79	98	187	294	356	481	552	570	687	786
79	107	232	276	383	445	498	642	651	777
79	116	223	321	365	472	534	588	660	732
79	125	169	312	338	454	561	624	678	750
79	134	196	249	401	427	543	579	714	768
79	143	214	285	329	418	516	633	669	804
79	152	178	303	374	409	507	606	723	759
79	161	205	267	392	463	489	597	696	741
80	89	242	262	349	435	531	613	708	800
80	102	189	292	355	482	557	570	693	789
80	109	237	275	386	451	502	643	651	775
80	115	226	322	371	477	532	590	664	732
80	131	169	317	342	452	562	627	677	752
80	132	195	249	402	429	546	583	719	774
80	146	212	291	329	422	515	638	671	805
80	157	182	306	372	409	509	612	724	758
80	162	211	269	397	466	489	596	694	745
81	89	245	260	346	442	523	618	710	796
81	100	186	297	362	485	553	570	685	791
81	106	233	282	388	443	500	646	651	780
81	122	228	325	363	473	537	587	662	732
81	123	169	313	340	457	565	629	684	749
81	137	202	249	405	426	548	581	715	766
81	148	217	283	329	420	522	634	668	808
81	153	180	308	377	409	506	604	727	765
81	165	203	266	393	468	489	603	699	743
82	89	243	257	353	434	528	620	706	799
82	97	193	299	354	483	556	570	690	787
82	113	236	274	384	448	497	644	651	782
82	114	224	323	368	476	539	594	659	732
82	128	169	316	337	459	563	625	676	756
82	139	194	249	403	433	544	578	718	771
82	144	219	288	329	417	514	637	675	806
82	156	177	304	379	409	513	609	725	757
82	163	208	273	396	464	489	595	701	740
83	89	240	264	345	439	530	616	709	797
83	104	185	295	359	480	554	570	692	790
83	105	234	279	387	450	504	641	651	778
83	119	227	320	370	474	535	586	666	732
83	130	169	314	344	455	560	628	681	748
83	135	199	249	400	425	547	585	716	773
83	147	215	290	329	424	519	635	667	803
83	154	184	307	375	409	505	611	722	762
83	160	210	265	394	467	489	600	697	747
84	89	247	256	350	441	526	619	707	794
84	96	190	298	361	487	551	570	688	788
84	110	231	281	385	446	496	648	651	781
84	121	225	327	366	471	538	591	658	732
84	126	169	311	336	458	567	626	683	753
84	138	201	249	407	430	545	577	713	769
84	145	218	286	329	416	521	632	672	810
84	151	176	305	378	409	510	607	729	764
84	167	206	270	391	465	489	602	700	739
85	89	239	261	352	437	529	617	704	801
85	101	192	296	357	479	558	570	691	785
85	112	238	277	382	449	501	640	651	779
85	117	222	319	369	478	536	593	663	732
85	129	169	318	341	456	559	623	679	755
85	136	197	249	399	432	542	582	720	772
85	142	216	289	329	421	517	639	674	802
85	158	181	302	376	409	512	610	721	760
85	159	209	272	398	462	489	598	698	744
86	89	244	263	348	440	527	614	711	793
86	103	188	293	360	484	550	570	689	792
86	108	230	280	389	447	503	645	651	776
86	120	229	324	367	470	533	589	665	732
86	127	169	310	343	453	564	630	682	751
86	133	200	249	404	428	549	584	712	770
86	149	213	287	329	423	520	631	670	807
86	150	183	309	373	409	508	608	726	763
86	164	207	268	390	469	489	601	695	746
87	89	246	259	351	438	524	621	703	798
87	99	191	300	358	486	555	570	686	784
87	111	235	278	381	444	499	647	651	783
87	118	221	326	364	475	540	592	661	732
87	124	169	315	339	460	566	622	680	754
87	140	198	249	406	431	541	580	717	767
87	141	220	284	329	419	518	636	673	809
87	155	179	301	380	409	511	605	728	761
87	166	204	271	395	461	489	599	702	742
