1	33	57	66
0	2	23	45
1	3	8	14
2	4	26	60
3	5	32	37
4	6	12	54
5	7	46	65
6	8	51	58
2	7	9	19
8	10	30	55
9	11	49	66
10	12	44	59
5	11	13	18
12	14	29	34
2	13	15	64
14	16	48	53
15	17	31	58
16	18	27	36
12	17	19	62
8	18	20	39
19	21	33	47
20	22	59	64
21	23	28	54
1	22	24	50
23	25	31	40
24	26	47	56
3	25	27	52
17	26	28	66
22	27	29	42
13	28	30	38
9	29	31	61
16	24	30	32
4	31	33	43
0	20	32	34
13	33	35	51
34	36	41	55
17	35	37	45
4	36	38	49
29	37	39	57
19	38	40	53
24	39	41	65
35	40	42	60
28	41	43	48
32	42	44	63
11	43	45	52
1	36	44	46
6	45	47	61
20	25	46	48
15	42	47	49
10	37	48	50
23	49	51	62
7	34	50	52
26	44	51	53
15	39	52	54
5	22	53	55
9	35	54	56
25	55	57	63
0	38	56	58
7	16	57	59
11	21	58	60
3	41	59	61
30	46	60	62
18	50	61	63
43	56	62	64
14	21	63	65
6	40	64	66
0	10	27	65
