38	39	40	41
42	43	44	45
3	4	38	42
2	46	47	48
2	49	50	51
8	52	53	54
38	55	56	57
42	58	59	60
5	61	62	63
42	64	65	66
38	67	68	69
12	13	39	43
11	52	55	58
11	61	64	67
17	49	59	68
39	50	53	65
43	51	56	62
14	46	57	66
43	47	54	69
39	48	60	63
21	22	40	44
20	54	57	60
20	62	65	68
26	50	58	69
40	51	52	66
44	49	55	63
23	48	56	64
44	46	53	67
40	47	59	61
30	31	41	45
29	53	56	59
29	63	66	69
35	51	60	67
41	49	54	64
45	50	57	61
32	47	55	65
45	48	52	68
41	46	58	62
0	2	6	10
0	11	15	19
0	20	24	28
0	29	33	37
1	2	7	9
1	11	16	18
1	20	25	27
1	29	34	36
3	17	27	37
3	18	28	35
3	19	26	36
4	14	25	33
4	15	23	34
4	16	24	32
5	12	24	36
5	15	27	30
5	18	21	33
6	12	25	35
6	16	26	30
6	17	21	34
7	12	23	37
7	14	28	30
7	19	21	32
8	13	28	34
8	16	22	37
8	19	25	31
9	13	26	33
9	15	22	35
9	17	24	31
10	13	27	32
10	14	22	36
10	18	23	31
