72	73	74	75	76
77	78	79	80	81
82	83	84	85	86
87	88	89	90	91
72	104	105	106	107
77	108	109	110	111
82	112	113	114	115
87	116	117	118	119
72	120	121	122	123
87	124	125	126	127
77	128	129	130	131
82	132	133	134	135
72	136	137	138	139
82	140	141	142	143
87	144	145	146	147
77	148	149	150	151
73	92	109	125	141
78	93	105	133	145
83	94	117	129	137
88	95	113	121	149
73	100	118	134	150
88	101	106	130	142
78	102	114	126	138
83	103	110	122	146
73	96	115	131	147
83	97	107	127	151
88	98	111	135	139
78	99	119	123	143
74	93	108	127	142
79	92	104	135	146
84	95	116	131	138
89	94	112	123	150
74	103	119	132	149
89	102	107	128	141
79	101	115	124	137
84	100	111	120	145
74	98	114	129	144
84	99	106	125	148
89	96	110	133	136
79	97	118	121	140
41	75	80	85	90
40	106	110	114	118
43	137	141	145	149
42	123	127	131	135
75	94	111	126	140
80	95	107	134	144
85	92	119	130	136
90	93	115	122	148
75	101	116	133	151
90	100	104	129	143
80	103	112	125	139
85	102	108	121	147
75	99	113	128	146
85	98	105	124	150
90	97	109	132	138
80	96	117	120	142
57	76	81	86	91
56	107	111	115	119
59	138	142	146	150
58	121	125	129	133
76	95	110	124	143
81	94	106	132	147
86	93	118	128	139
91	92	114	120	151
76	102	117	135	148
91	103	105	131	140
81	100	113	127	136
86	101	109	123	144
76	97	112	130	145
86	96	104	126	149
91	99	108	134	137
81	98	116	122	141
0	4	8	12	82
0	16	20	24	88
0	28	32	36	79
0	40	44	48	52
0	56	60	64	68
1	5	10	15	87
1	17	22	27	83
1	29	34	39	74
1	40	45	50	55
1	56	61	66	71
2	6	11	13	72
2	18	23	25	78
2	30	35	37	89
2	40	46	51	53
2	56	62	67	69
3	7	9	14	77
3	19	21	26	73
3	31	33	38	84
3	40	47	49	54
3	56	63	65	70
16	29	46	63	94
17	28	47	62	95
18	31	44	61	92
19	30	45	60	93
24	38	55	69	97
25	39	54	68	96
26	36	53	71	99
27	37	52	70	98
20	35	49	66	103
21	34	48	67	102
22	33	51	64	101
23	32	50	65	100
4	29	49	69	116
4	17	53	65	109
4	21	37	41	61
4	25	33	45	57
5	28	51	70	112
5	16	54	67	105
5	23	38	41	60
5	26	35	44	57
6	31	50	68	108
6	19	52	66	117
6	22	36	41	63
6	24	34	47	57
7	30	48	71	104
7	18	55	64	113
7	20	39	41	62
7	27	32	46	57
8	35	55	63	124
8	19	39	51	59
8	23	47	71	130
8	27	31	43	67
9	34	53	60	120
9	16	37	50	59
9	22	44	69	134
9	25	28	43	66
10	33	52	62	132
10	18	36	49	59
10	21	46	68	122
10	24	30	43	65
11	32	54	61	128
11	17	38	48	59
11	20	45	70	126
11	26	29	43	64
12	38	46	66	144
12	18	34	42	70
12	22	30	54	58
12	26	50	62	151
13	39	44	65	148
13	16	33	42	71
13	21	28	55	58
13	27	49	60	147
14	36	45	67	136
14	17	35	42	68
14	23	29	52	58
14	24	51	61	143
15	37	47	64	140
15	19	32	42	69
15	20	31	53	58
15	25	48	63	139
