51	63	69	81	169	192
53	65	70	82	171	194
52	64	71	83	170	193
68	124	126	130	189	226
67	125	127	131	191	227
66	123	128	129	190	225
137	214	270	279	288	292
136	213	271	280	290	293
135	215	272	281	289	291
44	87	212	217	222	273
43	88	210	218	224	275
42	89	211	216	223	274
46	49	204	209	219	222
45	48	205	208	221	224
47	50	206	207	220	223
64	120	130	186	187	285
65	122	131	184	187	286
63	121	129	185	187	287
49	82	127	130	178	181
50	81	128	131	180	182
48	83	126	129	179	183
40	111	116	118	122	188
41	112	115	119	120	188
39	113	114	117	121	188
47	76	78	110	171	185
46	77	79	109	170	184
45	75	80	108	169	186
62	130	162	174	177	293
60	131	161	173	175	291
61	129	160	172	176	292
67	75	117	172	177	198
68	76	118	173	176	200
66	77	119	174	175	199
55	60	107	166	177	202
54	61	106	168	175	203
56	62	105	167	176	201
58	79	104	163	190	283
57	78	103	165	189	284
59	80	102	164	191	282
23	58	80	126	156	157
21	59	78	128	154	159
22	57	79	127	155	158
11	72	115	132	147	181
10	74	116	133	146	182
9	73	114	134	145	183
13	26	71	92	110	143
12	25	70	91	108	142
14	24	69	90	109	144
13	20	59	65	69	105
12	18	58	63	71	107
14	19	57	64	70	106
0	240	254	263	286	292
2	241	252	261	287	293
1	242	253	262	285	291
34	84	192	202	213	264
33	85	194	201	214	266
35	86	193	203	215	265
37	41	50	247	255	279
36	39	49	248	257	281
38	40	48	246	256	280
28	33	86	216	243	278
29	34	85	218	245	277
27	35	84	217	244	276
0	17	49	244	247	262
2	15	50	243	246	263
1	16	48	245	248	261
5	32	195	219	263	269
4	30	197	221	262	268
3	31	196	220	261	267
0	47	48	87	133	135
1	46	50	88	132	136
2	45	49	89	134	137
42	192	205	209	279	285
44	194	206	208	281	287
43	193	204	207	280	286
26	30	203	229	261	279
24	31	202	228	263	281
25	32	201	230	262	280
24	37	40	197	199	216
25	36	41	196	198	217
26	38	39	195	200	218
0	19	198	211	252	277
1	18	200	212	254	278
2	20	199	210	253	276
54	62	89	96	103	191
55	61	87	98	104	189
56	60	88	97	102	190
9	69	85	118	123	157
10	70	86	119	125	159
11	71	84	117	124	158
47	134	259	264	268	278
46	133	260	266	267	276
45	132	258	265	269	277
219	232	235	241	278	283
220	233	236	242	277	284
221	231	234	240	276	282
84	135	204	229	243	258
86	137	206	230	245	260
85	136	205	228	244	259
192	197	207	235	248	266
193	195	208	236	247	264
194	196	209	234	246	265
38	86	222	228	253	255
37	84	224	230	252	257
36	85	223	229	254	256
35	48	219	233	270	274
34	50	221	232	272	273
33	49	220	231	271	275
26	46	202	227	251	284
25	47	203	225	249	282
24	45	201	226	250	283
21	198	205	237	243	251
22	200	206	238	244	250
23	199	204	239	245	249
23	44	192	231	256	269
22	42	193	232	257	267
21	43	194	233	255	268
23	30	89	133	228	236
21	31	87	132	230	235
22	32	88	134	229	234
15	22	197	222	225	277
17	23	196	224	227	278
16	21	195	223	226	276
5	87	239	250	275	279
3	89	238	251	273	280
4	88	237	249	274	281
3	20	39	258	268	288
4	18	41	260	269	290
5	19	40	259	267	289
5	17	20	29	207	237
3	15	18	27	208	239
4	16	19	28	209	238
42	70	92	118	163	177
43	69	91	117	165	175
44	71	90	119	164	176
8	69	96	160	181	195
7	70	98	161	183	197
6	71	97	162	182	196
235	244	246	249	284	288
236	243	248	250	282	290
234	245	247	251	283	289
225	226	227	270	271	272
46	215	250	252	256	268
45	213	249	254	255	267
47	214	251	253	257	269
44	218	243	262	267	270
43	216	244	261	269	272
42	217	245	263	268	271
211	246	260	264	275	291
212	247	258	266	274	293
210	248	259	265	273	292
201	222	237	240	261	264
203	224	238	242	263	266
202	223	239	241	262	265
40	206	227	240	258	285
41	204	226	242	259	287
39	205	225	241	260	286
39	87	213	216	234	242
41	89	215	218	235	240
40	88	214	217	236	241
29	135	231	238	241	255
28	136	233	239	240	257
27	137	232	237	242	256
36	132	199	238	264	270
38	134	198	239	266	272
37	133	200	237	265	271
33	195	249	252	273	285
35	197	251	254	275	287
34	196	250	253	274	286
0	26	194	199	232	290
2	25	192	200	233	289
1	24	193	198	231	288
29	30	212	226	246	257
28	31	210	225	247	256
27	32	211	227	248	255
28	32	34	133	287	288
29	31	35	134	285	290
27	30	33	132	286	289
18	207	228	234	252	270
20	209	230	236	254	272
19	208	229	235	253	271
18	42	135	201	210	284
19	43	137	202	212	282
20	44	136	203	211	283
16	25	228	232	258	275
17	24	229	233	260	273
15	26	230	231	259	274
15	16	17	213	214	215
21	22	23	291	292	293
3	37	85	219	282	291
5	36	86	221	284	293
4	38	84	220	283	292
0	54	72	99	114	170
2	56	74	100	115	171
1	55	73	101	116	169
66	80	100	122	135	166
68	79	101	121	137	168
67	78	99	120	136	167
30	79	81	111	164	171
32	78	83	113	163	169
31	80	82	112	165	170
35	55	77	110	151	181
33	54	76	108	153	182
34	56	75	109	152	183
12	74	96	113	155	221
13	72	98	111	156	220
14	73	97	112	154	219
14	74	99	129	178	217
13	73	100	130	180	216
12	72	101	131	179	218
10	83	150	173	181	213
11	81	148	174	183	214
9	82	149	172	182	215
7	54	143	157	187	210
6	55	144	159	187	211
8	56	142	158	187	212
11	60	78	146	157	208
9	62	79	147	159	207
10	61	80	145	158	209
12	66	93	105	189	206
14	68	94	107	191	205
13	67	95	106	190	204
9	12	102	120	151	288
11	14	104	122	153	290
10	13	103	121	152	289
5	109	120	141	156	173
3	110	122	141	155	172
4	108	121	141	154	174
76	98	102	117	178	184
75	96	104	119	180	185
77	97	103	118	179	186
95	107	114	160	171	186
93	106	115	162	169	184
94	105	116	161	170	185
95	101	119	140	157	178
93	99	118	138	158	180
94	100	117	139	159	179
111	125	129	151	162	165
112	124	131	152	160	163
113	123	130	153	161	164
51	95	151	154	158	161
52	93	153	156	159	160
53	94	152	155	157	162
60	64	96	111	139	145
62	63	98	112	138	146
61	65	97	113	140	147
59	64	101	138	148	172
57	63	100	140	149	173
58	65	99	139	150	174
109	113	125	138	143	166
110	112	123	139	142	168
108	111	124	140	144	167
52	81	103	142	166	178
53	83	102	144	168	180
51	82	104	143	167	179
57	102	116	143	160	174
59	104	114	142	162	173
58	103	115	144	161	172
92	96	126	149	154	184
90	98	128	150	155	186
91	97	127	148	156	185
52	65	68	75	146	151
53	63	67	77	145	153
51	64	66	76	147	152
54	90	100	148	151	163
56	92	101	150	153	165
55	91	99	149	152	164
68	91	115	128	143	145
67	90	116	126	142	147
66	92	114	127	144	146
6	105	141	145	163	178
7	107	141	147	165	180
8	106	141	146	164	179
9	106	124	150	166	185
11	105	125	149	168	186
10	107	123	148	167	184
62	83	91	95	122	279
61	81	92	94	120	281
60	82	90	93	121	280
6	57	72	75	123	276
7	59	74	77	124	278
8	58	73	76	125	277
38	95	109	139	182	189
36	93	110	140	183	191
37	94	108	138	181	190
15	53	72	154	166	176
16	51	74	156	168	177
17	52	73	155	167	175
6	126	138	171	175	222
8	128	140	170	177	224
7	127	139	169	176	223
8	28	53	148	188	189
6	29	51	150	188	191
7	27	52	149	188	190
