310	311	312	313	314	315	316
317	318	319	320	321	322	323
324	325	326	327	328	329	330
331	332	333	334	335	336	337
338	339	340	341	342	343	344
345	346	347	348	349	350	351
359	360	361	362	363	364	365
366	367	368	369	370	371	372
373	374	375	376	377	378	379
380	381	382	383	384	385	386
387	388	389	390	391	392	393
394	395	396	397	398	399	400
401	402	403	404	405	406	407
415	416	417	418	419	420	421
422	423	424	425	426	427	428
429	430	431	432	433	434	435
436	437	438	439	440	441	442
443	444	445	446	447	448	449
450	451	452	453	454	455	456
457	458	459	460	461	462	463
471	472	473	474	475	476	477
478	479	480	481	482	483	484
485	486	487	488	489	490	491
492	493	494	495	496	497	498
499	500	501	502	503	504	505
506	507	508	509	510	511	512
513	514	515	516	517	518	519
527	528	529	530	531	532	533
534	535	536	537	538	539	540
541	542	543	544	545	546	547
548	549	550	551	552	553	554
555	556	557	558	559	560	561
562	563	564	565	566	567	568
569	570	571	572	573	574	575
583	584	585	586	587	588	589
590	591	592	593	594	595	596
597	598	599	600	601	602	603
604	605	606	607	608	609	610
611	612	613	614	615	616	617
618	619	620	621	622	623	624
625	626	627	628	629	630	631
583	590	597	604	611	618	625
584	591	598	605	612	619	626
585	592	599	606	613	620	627
586	593	600	607	614	621	628
587	594	601	608	615	622	629
588	595	602	609	616	623	630
589	596	603	610	617	624	631
418	425	432	439	446	453	460
321	388	462	464	480	554	622
328	395	420	465	487	561	629
335	402	427	466	494	568	587
342	360	434	467	501	575	594
349	367	441	468	508	533	601
129	374	448	469	515	540	608
314	381	455	470	473	547	615
415	422	429	436	443	450	457
318	392	459	469	484	551	619
325	399	417	470	491	558	626
332	406	424	464	498	565	584
339	364	431	465	505	572	591
346	371	438	466	512	530	598
311	385	452	468	477	544	612
419	426	433	440	447	454	461
322	389	463	467	481	548	623
329	396	421	468	488	555	630
336	403	428	469	495	562	588
343	361	435	470	502	569	595
350	368	442	464	509	527	602
151	375	449	465	516	534	609
315	382	456	466	474	541	616
416	423	430	437	444	451	458
319	393	460	465	478	552	620
326	400	418	466	485	559	627
333	407	425	467	492	566	585
340	365	432	468	499	573	592
347	372	439	469	506	531	599
312	386	453	464	471	545	613
420	427	434	441	448	455	462
323	390	457	470	482	549	624
330	397	415	464	489	556	631
337	404	422	465	496	563	589
344	362	429	466	503	570	596
351	369	436	467	510	528	603
121	376	443	468	517	535	610
316	383	450	469	475	542	617
417	424	431	438	445	452	459
320	387	461	468	479	553	621
327	394	419	469	486	560	628
334	401	426	470	493	567	586
341	359	433	464	500	574	593
348	366	440	465	507	532	600
106	373	447	466	514	539	607
313	380	454	467	472	546	614
421	428	435	442	449	456	463
317	391	458	466	483	550	618
324	398	416	467	490	557	625
331	405	423	468	497	564	583
338	363	430	469	504	571	590
345	370	437	470	511	529	597
310	384	451	465	476	543	611
361	368	375	382	389	396	403
327	407	431	511	520	535	616
334	365	438	518	521	542	623
341	372	445	476	522	549	630
348	379	452	483	523	556	588
92	386	459	490	524	563	595
313	393	417	497	525	570	602
320	400	424	504	526	528	609
359	366	373	380	387	394	401
325	405	429	509	524	540	614
332	363	436	516	525	547	621
339	370	443	474	526	554	628
346	377	450	481	520	561	586
311	391	415	495	522	575	600
318	398	422	502	523	533	607
364	371	378	385	392	399	406
330	403	434	507	521	538	612
337	361	441	514	522	545	619
344	368	448	472	523	552	626
351	375	455	479	524	559	584
84	382	462	486	525	566	591
316	389	420	493	526	573	598
323	396	427	500	520	531	605
362	369	376	383	390	397	404
328	401	432	512	525	536	617
335	359	439	519	526	543	624
342	366	446	477	520	550	631
349	373	453	484	521	557	589
54	380	460	491	522	564	596
314	387	418	498	523	571	603
321	394	425	505	524	529	610
360	367	374	381	388	395	402
326	406	430	510	522	534	615
333	364	437	517	523	541	622
340	371	444	475	524	548	629
347	378	451	482	525	555	587
312	392	416	496	520	569	601
319	399	423	503	521	527	608
365	372	379	386	393	400	407
324	404	435	508	526	539	613
331	362	442	515	520	546	620
338	369	449	473	521	553	627
345	376	456	480	522	560	585
310	390	421	494	524	574	599
317	397	428	501	525	532	606
363	370	377	384	391	398	405
329	402	433	506	523	537	611
336	360	440	513	524	544	618
343	367	447	471	525	551	625
350	374	454	478	526	558	583
69	381	461	485	520	565	590
315	388	419	492	521	572	597
322	395	426	499	522	530	604
532	539	546	553	560	567	574
337	352	371	454	488	571	606
344	353	378	461	495	529	613
351	354	385	419	502	536	620
248	355	392	426	509	543	627
316	356	399	433	516	550	585
323	357	406	440	474	557	592
330	358	364	447	481	564	599
527	534	541	548	555	562	569
332	355	366	456	490	573	608
339	356	373	463	497	531	615
346	357	380	421	504	538	622
311	352	394	435	518	552	587
318	353	401	442	476	559	594
325	354	359	449	483	566	601
529	536	543	550	557	564	571
334	358	368	451	485	575	610
341	352	375	458	492	533	617
348	353	382	416	499	540	624
240	354	389	423	506	547	631
313	355	396	430	513	554	589
320	356	403	437	471	561	596
327	357	361	444	478	568	603
531	538	545	552	559	566	573
336	354	370	453	487	570	605
343	355	377	460	494	528	612
350	356	384	418	501	535	619
210	357	391	425	508	542	626
315	358	398	432	515	549	584
322	352	405	439	473	556	591
329	353	363	446	480	563	598
533	540	547	554	561	568	575
331	357	372	455	489	572	607
338	358	379	462	496	530	614
345	352	386	420	503	537	621
310	354	400	434	517	551	586
317	355	407	441	475	558	593
324	356	365	448	482	565	600
528	535	542	549	556	563	570
333	353	367	450	491	574	609
340	354	374	457	498	532	616
347	355	381	415	505	539	623
312	357	395	429	519	553	588
319	358	402	436	477	560	595
326	352	360	443	484	567	602
530	537	544	551	558	565	572
335	356	369	452	486	569	604
342	357	376	459	493	527	611
349	358	383	417	500	534	618
225	352	390	424	507	541	625
314	353	397	431	514	548	583
321	354	404	438	472	555	590
328	355	362	445	479	562	597
475	482	489	496	503	510	517
343	383	408	423	519	559	600
350	390	409	430	477	566	607
181	397	410	437	484	573	614
315	404	411	444	491	531	621
322	362	412	451	498	538	628
329	369	413	458	505	545	586
336	376	414	416	512	552	593
471	478	485	492	499	506	513
339	386	410	426	515	555	603
346	393	411	433	473	562	610
311	407	413	447	487	527	624
318	365	414	454	494	534	631
325	372	408	461	501	541	589
332	379	409	419	508	548	596
474	481	488	495	502	509	516
342	382	412	422	518	558	599
349	389	413	429	476	565	606
203	396	414	436	483	572	613
314	403	408	443	490	530	620
321	361	409	450	497	537	627
328	368	410	457	504	544	585
335	375	411	415	511	551	592
477	484	491	498	505	512	519
338	385	414	425	514	561	602
345	392	408	432	472	568	609
310	406	410	446	486	533	623
317	364	411	453	493	540	630
324	371	412	460	500	547	588
331	378	413	418	507	554	595
473	480	487	494	501	508	515
341	381	409	428	517	557	598
348	388	410	435	475	564	605
173	395	411	442	482	571	612
313	402	412	449	489	529	619
320	360	413	456	496	536	626
327	367	414	463	503	543	584
334	374	408	421	510	550	591
476	483	490	497	504	511	518
344	384	411	424	513	560	601
351	391	412	431	471	567	608
158	398	413	438	478	574	615
316	405	414	445	485	532	622
323	363	408	452	492	539	629
330	370	409	459	499	546	587
337	377	410	417	506	553	594
472	479	486	493	500	507	514
340	380	413	427	516	556	597
347	387	414	434	474	563	604
312	401	409	448	488	528	618
319	359	410	455	495	535	625
326	366	411	462	502	542	583
333	373	412	420	509	549	590
347	398	449	493	544	576	596
312	363	463	507	558	578	610
319	370	421	514	565	579	617
326	377	428	472	572	580	624
333	384	435	479	530	581	631
340	391	442	486	537	582	589
346	397	448	492	543	577	595
311	362	462	506	557	579	609
318	369	420	513	564	580	616
325	376	427	471	571	581	623
332	383	434	478	529	582	630
339	390	441	485	536	576	588
281	316	323	330	337	344	351
345	396	447	498	542	578	594
310	361	461	512	556	580	608
317	368	419	519	563	581	615
324	375	426	477	570	582	622
331	382	433	484	528	576	629
338	389	440	491	535	577	587
289	315	322	329	336	343	350
351	395	446	497	541	579	593
272	402	453	504	548	580	600
316	360	460	511	555	581	607
323	367	418	518	562	582	614
330	374	425	476	569	576	621
337	381	432	483	527	577	628
344	388	439	490	534	578	586
297	314	321	328	335	342	349
350	394	445	496	547	580	592
279	401	452	503	554	581	599
315	359	459	510	561	582	606
322	366	417	517	568	576	613
329	373	424	475	575	577	620
336	380	431	482	533	578	627
343	387	438	489	540	579	585
304	313	320	327	334	341	348
349	400	444	495	546	581	591
287	407	451	502	553	582	598
314	365	458	509	560	576	605
321	372	416	516	567	577	612
328	379	423	474	574	578	619
335	386	430	481	532	579	626
342	393	437	488	539	580	584
348	399	443	494	545	582	590
295	406	450	501	552	576	597
313	364	457	508	559	577	604
320	371	415	515	566	578	611
327	378	422	473	573	579	618
334	385	429	480	531	580	625
341	392	436	487	538	581	583
0	100	144	189	233	274	317
0	62	114	166	218	267	346
0	77	137	196	256	261	340
0	93	107	174	241	295	305
0	55	130	204	226	287	298
0	70	152	182	211	279	290
0	85	122	159	249	272	282
1	95	145	190	234	275	310
1	57	115	167	219	268	339
1	72	138	197	257	262	326
1	87	108	175	242	295	306
1	49	131	205	227	287	299
1	64	153	183	212	279	291
1	79	123	160	250	272	283
2	96	140	191	235	276	345
2	58	110	168	220	269	332
2	73	133	198	258	263	319
2	88	102	176	243	295	307
2	50	125	206	228	287	300
2	65	147	184	213	279	292
2	80	117	161	251	272	284
3	97	141	186	236	277	338
3	59	111	163	221	270	325
3	74	134	193	259	264	347
3	89	103	170	244	295	308
3	51	126	200	229	287	301
3	66	148	178	214	279	293
3	81	118	155	252	272	285
4	98	142	187	231	278	331
4	60	112	164	216	271	318
4	75	135	194	254	265	312
4	90	104	171	238	295	309
4	52	127	201	223	287	302
4	67	149	179	208	279	294
4	82	119	156	246	272	286
5	99	143	188	232	273	324
5	61	113	165	217	266	311
5	76	136	195	255	260	333
5	91	105	172	239	295	303
5	53	128	202	224	287	296
5	68	150	180	209	279	288
5	83	120	157	247	272	280
155	166	171	183	188	198	203
156	167	172	184	193	204	427
157	168	173	178	189	194	205
158	163	174	179	190	195	206
159	164	175	180	191	200	512
160	165	176	181	186	196	201
161	170	182	187	197	202	511
6	90	109	126	168	257	290
6	52	132	148	198	242	282
6	67	101	118	176	227	274
6	82	124	141	206	212	267
6	98	111	146	184	250	261
6	60	116	134	161	234	305
6	75	103	139	191	219	298
7	91	109	127	163	258	291
7	53	132	149	193	243	283
7	68	101	119	170	228	275
7	83	124	142	200	213	268
7	99	112	146	178	251	262
7	61	116	135	155	235	306
7	76	104	139	186	220	299
8	92	109	128	164	259	292
8	54	132	150	194	244	284
8	69	101	120	171	229	276
8	84	124	143	201	214	269
8	113	146	179	252	263	604
8	116	136	156	236	307	445
8	105	139	187	221	300	513
9	93	109	129	165	254	293
9	55	132	151	195	238	285
9	70	101	121	172	223	277
9	85	124	202	208	270	523
9	100	146	180	246	264	568
9	62	116	157	231	308	594
9	77	106	139	188	216	301
10	87	109	130	255	294	545
10	49	132	152	239	286	422
10	64	101	122	173	224	278
10	79	124	144	203	209	271
10	95	114	146	181	247	265
10	57	116	137	158	232	309
10	72	107	139	217	302	628
11	88	109	131	166	288	611
11	50	132	153	196	240	280
11	65	101	123	174	225	273
11	80	124	145	204	210	266
11	96	115	146	182	248	260
11	58	116	138	159	303	439
11	73	108	139	189	296	480
12	89	109	125	167	256	289
12	51	132	147	197	241	281
12	66	101	117	175	226	549
12	81	124	140	205	211	602
12	97	110	146	183	249	500
12	59	116	133	160	233	304
12	74	102	139	190	218	297
208	220	226	232	244	250	441
209	221	227	238	251	256	575
210	216	228	233	239	252	257
211	217	229	234	240	246	258
212	223	235	241	247	259	617
213	218	224	236	242	248	254
214	219	225	231	243	249	255
13	56	80	114	195	229	306
13	71	96	137	172	214	299
13	58	86	107	202	252	291
13	48	73	130	180	236	283
13	63	88	152	157	221	275
13	50	78	122	188	259	268
13	65	94	144	165	244	262
14	56	81	115	223	307	388
14	71	97	138	173	208	300
14	59	86	108	203	246	292
14	48	74	131	181	231	284
14	63	89	153	158	216	276
14	51	78	123	254	269	353
14	66	94	145	238	263	629
15	56	82	110	196	224	308
15	71	98	133	174	209	301
15	60	86	102	204	247	293
15	48	75	125	182	232	285
15	63	90	147	159	217	277
15	52	78	117	189	255	270
15	67	94	140	166	239	264
16	56	83	111	197	225	309
16	71	99	134	175	210	302
16	61	86	103	205	248	294
16	48	76	126	183	286	399
16	63	91	148	160	278	569
16	53	78	118	190	271	408
16	68	94	141	167	240	265
17	56	84	112	198	226	303
17	71	135	176	211	296	518
17	86	104	206	249	288	378
17	48	127	184	233	280	538
17	63	92	149	161	218	273
17	54	78	119	191	256	266
17	69	94	142	168	241	260
18	56	85	113	193	227	304
18	71	100	136	170	212	297
18	62	86	105	200	250	289
18	48	77	128	178	234	281
18	63	93	150	155	219	579
18	55	78	120	186	257	578
18	70	94	143	163	242	603
19	56	79	194	228	305	593
19	71	95	171	213	298	526
19	57	86	106	201	251	290
19	48	72	129	179	235	282
19	63	87	151	156	220	274
19	49	78	121	187	258	267
19	64	94	164	243	261	567
49	59	68	77	80	90	536
50	60	69	72	81	91	100
51	61	70	73	82	92	95
52	64	74	83	93	96	519
53	62	65	75	84	87	97
54	57	66	76	85	88	98
55	58	67	79	89	99	606
20	77	149	175	215	247	269
20	93	119	205	232	253	263
20	55	142	183	217	237	307
20	70	112	160	222	255	300
20	85	135	190	207	239	292
20	100	104	167	224	245	284
20	62	127	197	209	230	276
21	72	150	176	215	248	270
21	87	120	206	253	264	616
21	49	143	184	237	308	400
21	64	113	161	222	301	570
21	79	136	191	207	240	293
21	95	105	168	225	245	285
21	57	128	198	210	230	277
22	73	151	170	215	249	271
22	88	121	200	233	253	265
22	50	178	218	237	309	592
22	65	155	222	256	302	521
22	80	186	207	241	294	562
22	96	106	163	226	245	286
22	58	129	193	211	230	278
23	74	152	171	215	250	266
23	89	122	201	234	253	260
23	51	144	179	219	237	303
23	66	114	156	222	257	296
23	81	137	187	207	242	288
23	97	107	164	227	245	280
23	59	130	194	212	230	273
24	75	153	172	215	251	550
24	90	123	202	235	253	405
24	52	145	180	220	237	304
24	67	115	157	222	258	297
24	82	138	188	207	243	289
24	98	108	165	228	245	281
24	60	131	195	213	230	601
25	76	147	173	215	252	267
25	91	117	203	236	253	261
25	53	140	181	221	237	305
25	68	110	158	222	259	298
25	83	133	207	244	290	544
25	99	102	229	245	282	358
25	61	125	214	230	274	356
26	148	174	215	246	268	379
26	92	118	204	231	253	262
26	54	141	182	216	237	306
26	69	111	159	222	254	299
26	84	134	189	207	238	291
26	103	166	223	245	283	444
26	126	196	208	230	275	467
102	113	123	127	137	141	151
103	117	128	138	142	152	488
104	114	118	129	133	143	153
105	115	119	130	134	147	383
106	110	120	131	135	144	148
107	111	121	125	136	145	149
108	112	122	126	140	150	458
27	68	138	162	201	218	285
27	83	108	179	192	256	277
27	99	131	156	169	241	270
27	61	153	187	199	226	264
27	76	123	164	177	211	308
27	91	145	154	194	249	301
27	53	115	171	185	233	293
28	69	133	162	202	219	286
28	84	102	180	192	257	278
28	125	157	169	242	271	464
28	147	188	199	227	265	605
28	117	165	177	212	309	446
28	92	140	154	195	250	302
28	54	110	172	185	234	294
29	70	134	162	203	220	280
29	85	103	181	192	258	273
29	100	126	158	169	243	266
29	62	148	199	228	260	510
29	77	118	177	213	303	387
29	93	141	154	251	296	630
29	55	111	173	185	235	288
30	64	135	162	204	221	281
30	79	104	182	192	259	403
30	95	127	159	169	244	499
30	57	149	189	199	229	577
30	72	119	166	177	214	304
30	87	142	154	196	252	297
30	49	112	174	185	236	289
31	65	136	162	205	216	282
31	80	105	183	192	254	274
31	96	128	160	169	238	267
31	58	150	190	199	223	261
31	73	120	167	177	208	305
31	88	143	154	197	246	298
31	50	113	175	185	231	290
32	66	162	206	217	283	489
32	81	106	184	192	255	275
32	97	129	161	169	239	268
32	59	151	191	199	224	262
32	74	121	168	177	209	306
32	89	154	198	247	299	463
32	51	176	185	232	291	384
33	67	137	162	200	284	440
33	82	107	178	192	276	481
33	98	130	155	169	240	269
33	60	152	186	199	225	263
33	75	122	163	177	210	307
33	90	144	154	193	248	300
33	52	114	170	185	292	409
260	271	277	284	291	298	304
266	278	285	292	299	305	551
261	273	286	293	300	306	455
262	267	280	294	301	307	454
263	268	274	281	288	302	308
264	269	275	282	289	296	309
265	270	276	283	290	297	303
34	41	97	150	204	258	309
34	42	59	120	182	243	302
34	43	74	143	159	228	294
34	44	89	113	189	213	286
34	45	51	136	166	251	278
34	46	66	105	196	235	271
34	47	81	128	174	220	265
35	41	98	151	205	259	303
35	42	60	121	183	244	296
35	43	75	160	229	288	487
35	44	90	190	214	280	457
35	45	52	167	252	273	385
35	46	67	106	197	236	266
35	47	82	129	175	221	260
36	41	99	152	206	254	304
36	42	61	122	184	238	297
36	43	76	144	161	223	289
36	44	91	114	191	208	281
36	45	53	137	168	246	505
36	46	68	107	198	231	404
36	47	83	130	176	216	456
37	41	153	200	255	305	377
37	42	123	178	239	298	537
37	43	145	155	224	290	470
37	44	92	115	186	209	282
37	45	54	138	163	247	274
37	46	69	108	193	232	267
37	47	84	131	170	217	261
38	41	100	147	201	306	394
38	42	62	117	179	240	299
38	43	77	140	156	225	291
38	44	93	110	187	210	283
38	45	55	133	164	248	275
38	46	70	102	194	268	479
38	47	85	125	171	262	412
39	41	95	148	202	256	307
39	42	57	118	180	241	300
39	43	72	141	157	226	292
39	44	87	111	188	211	284
39	45	49	134	165	249	276
39	46	64	103	195	233	269
39	47	79	126	172	218	263
40	41	96	149	203	257	308
40	42	58	119	181	242	301
40	43	73	142	158	227	293
40	44	88	112	212	285	393
40	45	50	135	250	277	428
40	46	65	104	234	270	546
40	47	80	127	173	219	264
