171	285	423	424	425	426	427	428
9	41	429	430	431	432	433	434
34	50	435	436	437	438	439	440
11	441	442	443	444	445	446	447
36	448	449	450	451	452	453	454
21	455	456	457	458	459	460	461
38	462	463	464	465	466	467	468
31	469	470	471	472	473	474	475
24	476	477	478	479	480	481	482
1	483	484	485	486	487	488	489
42	490	491	492	493	494	495	496
3	497	498	499	500	501	502	503
20	504	505	506	507	508	509	510
45	511	512	513	514	515	516	517
22	518	519	520	521	522	523	524
39	525	526	527	528	529	530	531
48	532	533	534	535	536	537	538
25	539	540	541	542	543	544	545
26	546	547	548	549	550	551	552
27	553	554	555	556	557	558	559
12	560	561	562	563	564	565	566
5	567	568	569	570	571	572	573
14	574	575	576	577	578	579	580
47	581	582	583	584	585	586	587
8	588	589	590	591	592	593	594
17	595	596	597	598	599	600	601
18	602	603	604	605	606	607	608
19	609	610	611	612	613	614	615
44	616	617	618	619	620	621	622
37	623	624	625	626	627	628	629
46	630	631	632	633	634	635	636
7	637	638	639	640	641	642	643
40	644	645	646	647	648	649	650
49	651	652	653	654	655	656	657
2	658	659	660	661	662	663	664
43	665	666	667	668	669	670	671
4	672	673	674	675	676	677	678
29	679	680	681	682	683	684	685
6	686	687	688	689	690	691	692
15	693	694	695	696	697	698	699
32	700	701	702	703	704	705	706
1	707	708	709	710	711	712	713
10	714	715	716	717	718	719	720
35	721	722	723	724	725	726	727
28	728	729	730	731	732	733	734
13	735	736	737	738	739	740	741
30	742	743	744	745	746	747	748
23	749	750	751	752	753	754	755
16	756	757	758	759	760	761	762
33	763	764	765	766	767	768	769
2	770	771	772	773	774	775	776
393	399	405	411	417	423	429	435
337	728	735	742	749	756	763	770
110	441	455	518	581	644	707	771
111	442	462	525	588	651	714	729
340	443	469	532	595	658	672	736
341	444	476	539	602	616	679	743
342	445	483	546	560	623	686	750
286	446	490	504	567	630	693	757
116	447	448	511	574	637	700	764
393	729	736	743	750	757	764	771
399	447	456	519	582	645	708	772
405	441	463	526	589	652	715	730
411	442	470	533	596	659	673	737
417	443	477	540	603	617	680	744
423	444	484	547	561	624	687	751
429	445	491	505	568	631	694	758
435	446	449	512	575	638	701	765
394	730	737	744	751	758	765	772
400	446	457	520	583	646	709	773
406	447	464	527	590	653	716	731
412	441	471	534	597	660	674	738
418	442	478	541	604	618	681	745
424	443	485	548	562	625	688	752
430	444	492	506	569	632	695	759
436	445	450	513	576	639	702	766
395	731	738	745	752	759	766	773
401	445	458	521	584	647	710	774
407	446	465	528	591	654	717	732
413	447	472	535	598	661	675	739
419	441	479	542	605	619	682	746
425	442	486	549	563	626	689	753
431	443	493	507	570	633	696	760
437	444	451	514	577	640	703	767
396	732	739	746	753	760	767	774
402	444	459	522	585	648	711	775
408	445	466	529	592	655	718	733
414	446	473	536	599	662	676	740
420	447	480	543	606	620	683	747
426	441	487	550	564	627	690	754
432	442	494	508	571	634	697	761
438	443	452	515	578	641	704	768
397	733	740	747	754	761	768	775
403	443	460	523	586	649	712	776
409	444	467	530	593	656	719	734
415	445	474	537	600	663	677	741
421	446	481	544	607	621	684	748
427	447	488	551	565	628	691	755
433	441	495	509	572	635	698	762
439	442	453	516	579	642	705	769
398	734	741	748	755	762	769	776
404	442	461	524	587	650	713	770
410	443	468	531	594	657	720	728
416	444	475	538	601	664	678	735
422	445	482	545	608	622	685	742
428	446	489	552	566	629	692	749
434	447	496	510	573	636	699	756
440	441	454	517	580	643	706	763
396	402	408	414	420	426	432	438
223	563	570	577	584	591	598	605
53	466	533	607	609	625	699	767
54	473	540	565	610	632	706	774
226	480	547	572	611	639	713	732
227	487	505	579	612	646	720	739
228	494	512	586	613	653	678	746
172	452	519	593	614	660	685	753
59	459	526	600	615	618	692	760
396	560	567	574	581	588	595	602
402	463	537	604	614	629	696	764
408	470	544	562	615	636	703	771
414	477	551	569	609	643	710	729
420	484	509	576	610	650	717	736
426	491	516	583	611	657	675	743
432	449	523	590	612	664	682	750
438	456	530	597	613	622	689	757
393	564	571	578	585	592	599	606
399	467	534	608	612	626	693	768
405	474	541	566	613	633	700	775
411	481	548	573	614	640	707	733
417	488	506	580	615	647	714	740
423	495	513	587	609	654	672	747
429	453	520	594	610	661	679	754
435	460	527	601	611	619	686	761
397	561	568	575	582	589	596	603
403	464	538	605	610	623	697	765
409	471	545	563	611	630	704	772
415	478	552	570	612	637	711	730
421	485	510	577	613	644	718	737
427	492	517	584	614	651	676	744
433	450	524	591	615	658	683	751
439	457	531	598	609	616	690	758
394	565	572	579	586	593	600	607
400	468	535	602	615	627	694	769
406	475	542	560	609	634	701	776
412	482	549	567	610	641	708	734
418	489	507	574	611	648	715	741
424	496	514	581	612	655	673	748
430	454	521	588	613	662	680	755
436	461	528	595	614	620	687	762
398	562	569	576	583	590	597	604
404	465	532	606	613	624	698	766
410	472	539	564	614	631	705	773
416	479	546	571	615	638	712	731
422	486	504	578	609	645	719	738
428	493	511	585	610	652	677	745
434	451	518	592	611	659	684	752
440	458	525	599	612	617	691	759
395	566	573	580	587	594	601	608
401	462	536	603	611	628	695	763
407	469	543	561	612	635	702	770
413	476	550	568	613	642	709	728
419	483	508	575	614	649	716	735
425	490	515	582	615	656	674	742
431	448	522	589	609	663	681	749
437	455	529	596	610	621	688	756
397	403	409	415	421	427	433	439
280	506	513	520	527	534	541	548
224	472	552	576	656	665	680	761
225	479	510	583	663	666	687	768
283	486	517	590	621	667	694	775
284	493	524	597	628	668	701	733
0	451	531	604	635	669	708	740
115	458	538	562	642	670	715	747
230	465	545	569	649	671	673	754
397	504	511	518	525	532	539	546
403	470	550	574	654	669	685	759
409	477	508	581	661	670	692	766
415	484	515	588	619	671	699	773
421	491	522	595	626	665	706	731
427	449	529	602	633	666	713	738
433	456	536	560	640	667	720	745
439	463	543	567	647	668	678	752
395	509	516	523	530	537	544	551
401	475	548	579	652	666	683	757
407	482	506	586	659	667	690	764
413	489	513	593	617	668	697	771
419	496	520	600	624	669	704	729
425	454	527	607	631	670	711	736
431	461	534	565	638	671	718	743
437	468	541	572	645	665	676	750
393	507	514	521	528	535	542	549
399	473	546	577	657	670	681	762
405	480	504	584	664	671	688	769
411	487	511	591	622	665	695	776
417	494	518	598	629	666	702	734
423	452	525	605	636	667	709	741
429	459	532	563	643	668	716	748
435	466	539	570	650	669	674	755
398	505	512	519	526	533	540	547
404	471	551	575	655	667	679	760
410	478	509	582	662	668	686	767
416	485	516	589	620	669	693	774
422	492	523	596	627	670	700	732
428	450	530	603	634	671	707	739
434	457	537	561	641	665	714	746
440	464	544	568	648	666	672	753
396	510	517	524	531	538	545	552
402	469	549	580	653	671	684	758
408	476	507	587	660	665	691	765
414	483	514	594	618	666	698	772
420	490	521	601	625	667	705	730
426	448	528	608	632	668	712	737
432	455	535	566	639	669	719	744
438	462	542	573	646	670	677	751
394	508	515	522	529	536	543	550
400	474	547	578	651	668	682	756
406	481	505	585	658	669	689	763
412	488	512	592	616	670	696	770
418	495	519	599	623	671	703	728
424	453	526	606	630	665	710	735
430	460	533	564	637	666	717	742
436	467	540	571	644	667	675	749
394	400	406	412	418	424	430	436
109	677	684	691	698	705	712	719
167	482	497	516	599	633	716	751
168	489	498	523	606	640	674	758
112	496	499	530	564	647	681	765
113	454	500	537	571	654	688	772
114	461	501	544	578	661	695	730
343	468	502	551	585	619	702	737
173	475	503	509	592	626	709	744
394	672	679	686	693	700	707	714
400	477	500	511	601	635	718	753
406	484	501	518	608	642	676	760
412	491	502	525	566	649	683	767
418	449	503	532	573	656	690	774
424	456	497	539	580	663	697	732
430	463	498	546	587	621	704	739
436	470	499	504	594	628	711	746
396	674	681	688	695	702	709	716
402	479	503	513	596	630	720	755
408	486	497	520	603	637	678	762
414	493	498	527	561	644	685	769
420	451	499	534	568	651	692	776
426	458	500	541	575	658	699	734
432	465	501	548	582	616	706	741
438	472	502	506	589	623	713	748
398	676	683	690	697	704	711	718
404	481	499	515	598	632	715	750
410	488	500	522	605	639	673	757
416	495	501	529	563	646	680	764
422	453	502	536	570	653	687	771
428	460	503	543	577	660	694	729
434	467	497	550	584	618	701	736
440	474	498	508	591	625	708	743
393	678	685	692	699	706	713	720
399	476	502	517	600	634	717	752
405	483	503	524	607	641	675	759
411	490	497	531	565	648	682	766
417	448	498	538	572	655	689	773
423	455	499	545	579	662	696	731
429	462	500	552	586	620	703	738
435	469	501	510	593	627	710	745
395	673	680	687	694	701	708	715
401	478	498	512	595	636	719	754
407	485	499	519	602	643	677	761
413	492	500	526	560	650	684	768
419	450	501	533	567	657	691	775
425	457	502	540	574	664	698	733
431	464	503	547	581	622	705	740
437	471	497	505	588	629	712	747
397	675	682	689	696	703	710	717
403	480	501	514	597	631	714	749
409	487	502	521	604	638	672	756
415	494	503	528	562	645	679	763
421	452	497	535	569	652	686	770
427	459	498	542	576	659	693	728
433	466	499	549	583	617	700	735
439	473	500	507	590	624	707	742
395	401	407	413	419	425	431	437
166	620	627	634	641	648	655	662
338	488	528	553	568	664	704	745
339	495	535	554	575	622	711	752
169	453	542	555	582	629	718	759
170	460	549	556	589	636	676	766
0	467	507	557	596	643	683	773
58	474	514	558	603	650	690	731
344	481	521	559	561	657	697	738
395	616	623	630	637	644	651	658
401	484	531	555	571	660	700	748
407	491	538	556	578	618	707	755
413	449	545	557	585	625	714	762
419	456	552	558	592	632	672	769
425	463	510	559	599	639	679	776
431	470	517	553	606	646	686	734
437	477	524	554	564	653	693	741
398	619	626	633	640	647	654	661
404	487	527	557	567	663	703	744
410	494	534	558	574	621	710	751
416	452	541	559	581	628	717	758
422	459	548	553	588	635	675	765
428	466	506	554	595	642	682	772
434	473	513	555	602	649	689	730
440	480	520	556	560	656	696	737
394	622	629	636	643	650	657	664
400	483	530	559	570	659	706	747
406	490	537	553	577	617	713	754
412	448	544	554	584	624	720	761
418	455	551	555	591	631	678	768
424	462	509	556	598	638	685	775
430	469	516	557	605	645	692	733
436	476	523	558	563	652	699	740
397	618	625	632	639	646	653	660
403	486	526	554	573	662	702	743
409	493	533	555	580	620	709	750
415	451	540	556	587	627	716	757
421	458	547	557	594	634	674	764
427	465	505	558	601	641	681	771
433	472	512	559	608	648	688	729
439	479	519	553	566	655	695	736
393	621	628	635	642	649	656	663
399	489	529	556	569	658	705	746
405	496	536	557	576	616	712	753
411	454	543	558	583	623	719	760
417	461	550	559	590	630	677	767
423	468	508	553	597	637	684	774
429	475	515	554	604	644	691	732
435	482	522	555	562	651	698	739
396	617	624	631	638	645	652	659
402	485	525	558	572	661	701	742
408	492	532	559	579	619	708	749
414	450	539	553	586	626	715	756
420	457	546	554	593	633	673	763
426	464	504	555	600	640	680	770
432	471	511	556	607	647	687	728
438	478	518	557	565	654	694	735
398	404	410	416	422	428	434	440
52	449	456	463	470	477	484	491
281	492	543	594	638	689	721	741
282	450	550	601	645	696	722	748
55	457	508	608	652	703	723	755
56	464	515	566	659	710	724	762
57	471	522	573	617	717	725	769
229	478	529	580	624	675	726	776
287	485	536	587	631	682	727	734
398	448	455	462	469	476	483	490
404	491	542	593	637	688	722	740
410	449	549	600	644	695	723	747
416	456	507	607	651	702	724	754
422	463	514	565	658	709	725	761
428	470	521	572	616	716	726	768
434	477	528	579	623	674	727	775
440	484	535	586	630	681	721	733
397	454	461	468	475	482	489	496
403	490	541	592	643	687	723	739
409	448	548	599	650	694	724	746
415	455	506	606	657	701	725	753
421	462	513	564	664	708	726	760
427	469	520	571	622	715	727	767
433	476	527	578	629	673	721	774
439	483	534	585	636	680	722	732
396	453	460	467	474	481	488	495
402	496	540	591	642	686	724	738
408	454	547	598	649	693	725	745
414	461	505	605	656	700	726	752
420	468	512	563	663	707	727	759
426	475	519	570	621	714	721	766
432	482	526	577	628	672	722	773
438	489	533	584	635	679	723	731
395	452	459	466	473	480	487	494
401	495	539	590	641	692	725	737
407	453	546	597	648	699	726	744
413	460	504	604	655	706	727	751
419	467	511	562	662	713	721	758
425	474	518	569	620	720	722	765
431	481	525	576	627	678	723	772
437	488	532	583	634	685	724	730
394	451	458	465	472	479	486	493
400	494	545	589	640	691	726	736
406	452	552	596	647	698	727	743
412	459	510	603	654	705	721	750
418	466	517	561	661	712	722	757
424	473	524	568	619	719	723	764
430	480	531	575	626	677	724	771
436	487	538	582	633	684	725	729
393	450	457	464	471	478	485	492
399	493	544	588	639	690	727	735
405	451	551	595	646	697	721	742
411	458	509	602	653	704	722	749
417	465	516	560	660	711	723	756
423	472	523	567	618	718	724	763
429	479	530	574	625	676	725	770
435	486	537	581	632	683	726	728
51	60	125	190	255	320	385	394
68	141	214	222	231	304	377	393
76	157	182	263	279	288	369	397
84	108	117	206	239	328	361	398
92	133	165	174	271	312	353	395
100	149	198	247	296	336	345	396
51	61	126	191	256	321	386	402
69	142	215	222	232	305	378	401
77	158	183	264	279	289	370	400
85	108	118	207	240	329	362	399
93	134	165	175	272	313	354	404
101	150	199	248	297	336	346	403
51	62	127	192	257	322	387	410
70	143	216	222	233	306	379	409
78	159	184	265	279	290	371	408
86	108	119	208	241	330	363	407
94	135	165	176	273	314	355	406
102	151	200	249	298	336	347	405
51	63	128	193	258	323	388	415
71	144	217	222	234	307	380	414
79	160	185	266	279	291	372	416
87	108	120	209	242	331	364	412
95	136	165	177	274	315	356	411
103	152	201	250	299	336	348	413
51	64	129	194	259	324	389	419
72	145	218	222	235	308	381	422
80	161	186	267	279	292	373	417
88	108	121	210	243	332	365	421
96	137	165	178	275	316	357	420
104	153	202	251	300	336	349	418
0	51	65	130	195	260	325	390
0	73	146	219	222	236	309	382
0	81	162	187	268	279	293	374
0	89	108	122	211	244	333	366
0	97	138	165	179	276	317	358
0	105	154	203	252	301	336	350
1	51	66	131	196	261	326	391
1	74	147	220	222	237	310	383
1	82	163	188	269	279	294	375
1	90	108	123	212	245	334	367
1	98	139	165	180	277	318	359
1	106	155	204	253	302	336	351
2	51	67	132	197	262	327	392
2	75	148	221	222	238	311	384
2	83	164	189	270	279	295	376
2	91	108	124	213	246	335	368
2	99	140	165	181	278	319	360
2	107	156	205	254	303	336	352
3	53	62	71	80	89	98	107
3	54	63	72	81	90	99	101
3	55	64	73	82	91	93	102
3	56	65	74	83	85	94	103
3	57	66	75	77	86	95	104
3	58	67	69	78	87	96	105
3	59	61	70	79	88	97	106
4	59	163	211	259	307	345	355
4	67	123	179	235	291	337	347
4	75	139	203	267	331	339	385
4	83	155	171	243	315	377	387
4	91	115	195	275	299	369	379
4	99	131	219	251	283	361	371
4	107	147	187	227	323	353	363
5	53	164	212	260	308	345	356
5	61	124	180	236	292	337	348
5	69	140	204	268	332	340	385
5	77	156	172	244	316	377	388
5	85	116	196	276	300	369	380
5	93	132	220	252	284	361	372
5	101	148	188	228	324	353	364
6	54	158	213	261	309	345	357
6	62	118	181	237	293	337	349
6	70	134	205	269	333	341	385
6	78	150	173	245	317	377	389
6	86	110	197	277	301	369	381
6	94	126	221	253	285	361	373
6	102	142	189	229	325	353	365
7	55	159	207	262	310	345	358
7	63	119	175	238	294	337	350
7	71	135	199	270	334	342	385
7	79	151	167	246	318	377	390
7	87	111	191	278	302	369	382
7	95	127	215	254	286	361	374
7	103	143	183	230	326	353	366
8	56	160	208	256	311	345	359
8	64	120	176	232	295	337	351
8	72	136	200	264	335	343	385
8	80	152	168	240	319	377	391
8	88	112	192	272	303	369	383
8	96	128	216	248	287	361	375
8	104	144	184	224	327	353	367
9	57	161	209	257	305	345	360
9	65	121	177	233	289	337	352
9	73	137	201	265	329	344	385
9	81	153	169	241	313	377	392
9	89	113	193	273	297	369	384
9	97	129	217	249	281	361	376
9	105	145	185	225	321	353	368
10	58	162	210	258	306	345	354
10	66	122	178	234	290	337	346
10	74	138	202	266	330	338	385
10	82	154	170	242	314	377	386
10	90	114	194	274	298	369	378
10	98	130	218	250	282	361	370
10	106	146	186	226	322	353	362
11	224	236	241	253	258	270	275
11	225	237	242	254	259	264	276
11	226	238	243	248	260	265	277
11	227	232	244	249	261	266	278
11	228	233	245	250	262	267	272
11	229	234	246	251	256	268	273
11	230	235	240	252	257	269	274
12	58	153	174	192	238	333	372
12	66	113	198	216	270	317	364
12	74	129	166	184	246	301	356
12	82	145	190	208	278	285	348
12	90	161	176	214	254	325	340
12	98	121	182	200	230	309	388
12	106	137	168	206	262	293	380
13	59	154	174	193	232	334	373
13	67	114	198	217	264	318	365
13	75	130	166	185	240	302	357
13	83	146	190	209	272	286	349
13	91	162	177	214	248	326	341
13	99	122	182	201	224	310	389
13	107	138	169	206	256	294	381
14	53	155	174	194	233	335	374
14	61	115	198	218	265	319	366
14	69	131	166	186	241	303	358
14	77	147	190	210	273	287	350
14	85	163	178	214	249	327	342
14	93	123	182	202	225	311	390
14	101	139	170	206	257	295	382
15	54	156	174	195	234	329	375
15	62	116	198	219	266	313	367
15	70	132	166	187	242	297	359
15	78	148	190	211	274	281	351
15	86	164	179	214	250	321	343
15	94	124	182	203	226	305	391
15	102	140	171	206	258	289	383
16	55	150	174	196	235	330	376
16	63	110	198	220	267	314	368
16	71	126	166	188	243	298	360
16	79	142	190	212	275	282	352
16	87	158	180	214	251	322	344
16	95	118	182	204	227	306	392
16	103	134	172	206	259	290	384
17	56	151	174	197	236	331	370
17	64	111	198	221	268	315	362
17	72	127	166	189	244	299	354
17	80	143	190	213	276	283	346
17	88	159	181	214	252	323	338
17	96	119	182	205	228	307	386
17	104	135	173	206	260	291	378
18	57	152	174	191	237	332	371
18	65	112	198	215	269	316	363
18	73	128	166	183	245	300	355
18	81	144	190	207	277	284	347
18	89	160	175	214	253	324	339
18	97	120	182	199	229	308	387
18	105	136	167	206	261	292	379
19	281	294	300	306	319	325	331
19	282	295	301	307	313	326	332
19	283	289	302	308	314	327	333
19	284	290	303	309	315	321	334
19	285	291	297	310	316	322	335
19	286	292	298	311	317	323	329
19	287	293	299	305	318	324	330
20	57	117	143	180	266	303	389
20	65	133	159	204	242	287	381
20	73	119	149	172	274	327	373
20	81	109	135	196	250	311	365
20	89	125	151	220	226	295	357
20	97	111	141	188	258	335	349
20	105	127	157	212	234	319	341
21	58	117	144	181	267	297	390
21	66	133	160	205	243	281	382
21	74	120	149	173	275	321	374
21	82	109	136	197	251	305	366
21	90	125	152	221	227	289	358
21	98	112	141	189	259	329	350
21	106	128	157	213	235	313	342
22	59	117	145	175	268	298	391
22	67	133	161	199	244	282	383
22	75	121	149	167	276	322	375
22	83	109	137	191	252	306	367
22	91	125	153	215	228	290	359
22	99	113	141	183	260	330	351
22	107	129	157	207	236	314	343
23	53	117	146	176	269	299	392
23	61	133	162	200	245	283	384
23	69	122	149	168	277	323	376
23	77	109	138	192	253	307	368
23	85	125	154	216	229	291	360
23	93	114	141	184	261	331	352
23	101	130	157	208	237	315	344
24	54	117	147	177	270	300	386
24	62	133	163	201	246	284	378
24	70	123	149	169	278	324	370
24	78	109	139	193	254	308	362
24	86	125	155	217	230	292	354
24	94	115	141	185	262	332	346
24	102	131	157	209	238	316	338
25	55	117	148	178	264	301	387
25	63	133	164	202	240	285	379
25	71	124	149	170	272	325	371
25	79	109	140	194	248	309	363
25	87	125	156	218	224	293	355
25	95	116	141	186	256	333	347
25	103	132	157	210	232	317	339
26	56	117	142	179	265	302	388
26	64	133	158	203	241	286	380
26	72	118	149	171	273	326	372
26	80	109	134	195	249	310	364
26	88	125	150	219	225	294	356
26	96	110	141	187	257	334	348
26	104	126	157	211	233	318	340
27	110	120	130	140	143	153	163
27	111	121	131	134	144	154	164
27	112	122	132	135	145	155	158
27	113	123	126	136	146	156	159
27	114	124	127	137	147	150	160
27	115	118	128	138	148	151	161
27	116	119	129	139	142	152	162
28	56	140	217	245	288	322	350
28	64	156	185	277	306	328	342
28	72	116	209	253	290	312	390
28	80	132	177	229	296	330	382
28	88	148	201	261	280	314	374
28	96	164	169	237	298	320	366
28	104	124	193	269	282	304	358
29	57	134	218	246	288	323	351
29	65	150	186	278	307	328	343
29	73	110	210	254	291	312	391
29	81	126	178	230	296	331	383
29	89	142	202	262	280	315	375
29	97	158	170	238	299	320	367
29	105	118	194	270	283	304	359
30	58	135	219	240	288	324	352
30	66	151	187	272	308	328	344
30	74	111	211	248	292	312	392
30	82	127	179	224	296	332	384
30	90	143	203	256	280	316	376
30	98	159	171	232	300	320	368
30	106	119	195	264	284	304	360
31	59	136	220	241	288	325	346
31	67	152	188	273	309	328	338
31	75	112	212	249	293	312	386
31	83	128	180	225	296	333	378
31	91	144	204	257	280	317	370
31	99	160	172	233	301	320	362
31	107	120	196	265	285	304	354
32	53	137	221	242	288	326	347
32	61	153	189	274	310	328	339
32	69	113	213	250	294	312	387
32	77	129	181	226	296	334	379
32	85	145	205	258	280	318	371
32	93	161	173	234	302	320	363
32	101	121	197	266	286	304	355
33	54	138	215	243	288	327	348
33	62	154	183	275	311	328	340
33	70	114	207	251	295	312	388
33	78	130	175	227	296	335	380
33	86	146	199	259	280	319	372
33	94	162	167	235	303	320	364
33	102	122	191	267	287	304	356
34	55	139	216	244	288	321	349
34	63	155	184	276	305	328	341
34	71	115	208	252	289	312	389
34	79	131	176	228	296	329	381
34	87	147	200	260	280	313	373
34	95	163	168	236	297	320	365
34	103	123	192	268	281	304	357
35	167	178	189	193	204	208	219
35	168	179	183	194	205	209	220
35	169	180	184	195	199	210	221
35	170	181	185	196	200	211	215
35	171	175	186	197	201	212	216
35	172	176	187	191	202	213	217
35	173	177	188	192	203	207	218
36	55	130	205	231	273	292	367
36	63	146	173	249	263	332	359
36	71	162	197	225	239	316	351
36	79	122	221	257	271	300	343
36	87	138	189	233	247	284	391
36	95	154	213	223	265	324	383
36	103	114	181	241	255	308	375
37	56	131	199	231	274	293	368
37	64	147	167	250	263	333	360
37	72	163	191	226	239	317	352
37	80	123	215	258	271	301	344
37	88	139	183	234	247	285	392
37	96	155	207	223	266	325	384
37	104	115	175	242	255	309	376
38	57	132	200	231	275	294	362
38	65	148	168	251	263	334	354
38	73	164	192	227	239	318	346
38	81	124	216	259	271	302	338
38	89	140	184	235	247	286	386
38	97	156	208	223	267	326	378
38	105	116	176	243	255	310	370
39	58	126	201	231	276	295	363
39	66	142	169	252	263	335	355
39	74	158	193	228	239	319	347
39	82	118	217	260	271	303	339
39	90	134	185	236	247	287	387
39	98	150	209	223	268	327	379
39	106	110	177	244	255	311	371
40	59	127	202	231	277	289	364
40	67	143	170	253	263	329	356
40	75	159	194	229	239	313	348
40	83	119	218	261	271	297	340
40	91	135	186	237	247	281	388
40	99	151	210	223	269	321	380
40	107	111	178	245	255	305	372
41	53	128	203	231	278	290	365
41	61	144	171	254	263	330	357
41	69	160	195	230	239	314	349
41	77	120	219	262	271	298	341
41	85	136	187	238	247	282	389
41	93	152	211	223	270	322	381
41	101	112	179	246	255	306	373
42	54	129	204	231	272	291	366
42	62	145	172	248	263	331	358
42	70	161	196	224	239	315	350
42	78	121	220	256	271	299	342
42	86	137	188	232	247	283	390
42	94	153	212	223	264	323	382
42	102	113	180	240	255	307	374
43	338	352	359	366	373	380	387
43	339	346	360	367	374	381	388
43	340	347	354	368	375	382	389
43	341	348	355	362	376	383	390
43	342	349	356	363	370	384	391
43	343	350	357	364	371	378	392
43	344	351	358	365	372	379	386
44	52	102	160	218	276	334	392
44	54	60	120	186	252	318	384
44	62	68	136	210	228	302	376
44	70	76	152	178	260	286	368
44	78	84	112	202	236	326	360
44	86	92	128	170	268	310	352
44	94	100	144	194	244	294	344
45	52	103	161	219	277	335	386
45	55	60	121	187	253	319	378
45	63	68	137	211	229	303	370
45	71	76	153	179	261	287	362
45	79	84	113	203	237	327	354
45	87	92	129	171	269	311	346
45	95	100	145	195	245	295	338
46	52	104	162	220	278	329	387
46	56	60	122	188	254	313	379
46	64	68	138	212	230	297	371
46	72	76	154	180	262	281	363
46	80	84	114	204	238	321	355
46	88	92	130	172	270	305	347
46	96	100	146	196	246	289	339
47	52	105	163	221	272	330	388
47	57	60	123	189	248	314	380
47	65	68	139	213	224	298	372
47	73	76	155	181	256	282	364
47	81	84	115	205	232	322	356
47	89	92	131	173	264	306	348
47	97	100	147	197	240	290	340
48	52	106	164	215	273	331	389
48	58	60	124	183	249	315	381
48	66	68	140	207	225	299	373
48	74	76	156	175	257	283	365
48	82	84	116	199	233	323	357
48	90	92	132	167	265	307	349
48	98	100	148	191	241	291	341
49	52	107	158	216	274	332	390
49	59	60	118	184	250	316	382
49	67	68	134	208	226	300	374
49	75	76	150	176	258	284	366
49	83	84	110	200	234	324	358
49	91	92	126	168	266	308	350
49	99	100	142	192	242	292	342
50	52	101	159	217	275	333	391
50	53	60	119	185	251	317	383
50	61	68	135	209	227	301	375
50	69	76	151	177	259	285	367
50	77	84	111	201	235	325	359
50	85	92	127	169	267	309	351
50	93	100	143	193	243	293	343
