536	537	538	539	540	541	542	543	544
545	546	547	548	549	550	551	552	553
554	555	556	557	558	559	560	561	562
563	564	565	566	567	568	569	570	571
572	573	574	575	576	577	578	579	580
581	582	583	584	585	586	587	588	589
590	591	592	593	594	595	596	597	598
599	600	601	602	603	604	605	606	607
528	536	545	554	563	572	581	590	599
528	608	609	610	611	612	613	614	615
528	616	617	618	619	620	621	622	623
528	624	625	626	627	628	629	630	631
528	632	633	634	635	636	637	638	639
528	640	641	642	643	644	645	646	647
528	648	649	650	651	652	653	654	655
528	656	657	658	659	660	661	662	663
536	664	665	666	667	668	669	670	671
545	672	673	674	675	676	677	678	679
554	680	681	682	683	684	685	686	687
563	688	689	690	691	692	693	694	695
572	696	697	698	699	700	701	702	703
581	704	705	706	707	708	709	710	711
590	712	713	714	715	716	717	718	719
599	720	721	722	723	724	725	726	727
107	581	770	771	772	773	774	775	776
106	590	777	778	779	780	781	782	783
536	784	785	786	787	788	789	790	791
590	792	793	794	795	796	797	798	799
599	800	801	802	803	804	805	806	807
545	808	809	810	811	812	813	814	815
554	816	817	818	819	820	821	822	823
563	824	825	826	827	828	829	830	831
572	832	833	834	835	836	837	838	839
581	840	841	842	843	844	845	846	847
536	848	849	850	851	852	853	854	855
581	856	857	858	859	860	861	862	863
590	864	865	866	867	868	869	870	871
599	872	873	874	875	876	877	878	879
545	880	881	882	883	884	885	886	887
554	888	889	890	891	892	893	894	895
563	896	897	898	899	900	901	902	903
572	904	905	906	907	908	909	910	911
536	912	913	914	915	916	917	918	919
572	920	921	922	923	924	925	926	927
581	928	929	930	931	932	933	934	935
590	936	937	938	939	940	941	942	943
599	944	945	946	947	948	949	950	951
545	952	953	954	955	956	957	958	959
554	960	961	962	963	964	965	966	967
563	968	969	970	971	972	973	974	975
536	976	977	978	979	980	981	982	983
563	984	985	986	987	988	989	990	991
572	992	993	994	995	996	997	998	999
581	1000	1001	1002	1003	1004	1005	1006	1007
590	1008	1009	1010	1011	1012	1013	1014	1015
599	1016	1017	1018	1019	1020	1021	1022	1023
545	1024	1025	1026	1027	1028	1029	1030	1031
554	1032	1033	1034	1035	1036	1037	1038	1039
536	1040	1041	1042	1043	1044	1045	1046	1047
554	1048	1049	1050	1051	1052	1053	1054	1055
563	1056	1057	1058	1059	1060	1061	1062	1063
572	1064	1065	1066	1067	1068	1069	1070	1071
581	1072	1073	1074	1075	1076	1077	1078	1079
590	1080	1081	1082	1083	1084	1085	1086	1087
599	1088	1089	1090	1091	1092	1093	1094	1095
545	1096	1097	1098	1099	1100	1101	1102	1103
529	537	546	555	564	573	582	591	600
529	664	672	680	688	696	704	712	720
529	1040	1048	1056	1064	1072	1080	1088	1096
529	976	984	992	1000	1008	1016	1024	1032
529	912	920	928	936	944	952	960	968
529	848	856	864	872	880	888	896	904
529	784	792	800	808	816	824	832	840
529	728	735	742	749	756	763	770	777
537	608	673	736	793	857	921	985	1049
546	609	665	757	841	865	961	1017	1065
555	610	697	778	801	897	953	1001	1041
564	611	721	743	833	889	937	977	1073
573	612	681	771	825	873	913	1009	1097
582	613	713	764	809	849	945	1033	1057
591	614	705	750	785	881	969	993	1089
600	615	689	729	817	905	929	1025	1081
537	656	722	779	842	906	970	1034	1098
600	657	666	751	834	858	954	1010	1058
546	658	690	772	794	890	946	994	1042
555	659	714	737	826	882	930	978	1066
564	660	674	765	818	866	914	1002	1090
573	661	706	758	802	850	938	1026	1050
582	662	698	744	786	874	962	986	1082
591	663	682	730	810	898	922	1018	1074
537	648	715	773	835	899	963	1027	1091
591	649	667	745	827	907	947	1003	1051
600	650	683	766	843	883	939	987	1043
546	651	707	780	819	875	923	979	1059
555	652	723	759	811	859	915	995	1083
564	653	699	752	795	851	931	1019	1099
573	654	691	738	787	867	955	1035	1075
582	655	675	731	803	891	971	1011	1067
537	640	708	767	828	892	956	1020	1084
582	641	668	739	820	900	940	996	1100
591	642	676	760	836	876	932	1036	1044
600	643	700	774	812	868	972	980	1052
546	644	716	753	804	908	916	988	1076
555	645	692	746	844	852	924	1012	1092
564	646	684	781	788	860	948	1028	1068
573	647	724	732	796	884	964	1004	1060
25	573	633	669	813	893	933	989	1093
24	555	638	677	789	909	941	1021	1061
537	624	694	754	814	878	942	1006	1070
564	625	670	775	806	886	926	1038	1086
573	626	718	747	822	862	974	1022	1046
582	627	686	761	798	910	958	982	1094
591	628	702	740	846	894	918	1030	1062
600	629	678	782	830	854	966	998	1078
546	630	726	768	790	902	934	1014	1054
555	631	710	733	838	870	950	990	1102
537	616	687	748	807	871	935	999	1063
555	617	671	769	799	879	975	1031	1079
564	618	711	741	815	911	967	1015	1047
573	619	679	755	847	903	951	983	1087
582	620	695	783	839	887	919	1023	1055
591	621	727	776	823	855	959	991	1071
600	622	719	762	791	895	927	1007	1103
546	623	703	734	831	863	943	1039	1095
530	538	547	556	565	574	583	592	601
530	665	673	681	689	697	705	713	721
530	1047	1055	1063	1071	1079	1087	1095	1103
530	982	990	998	1006	1014	1022	1030	1038
530	917	925	933	941	949	957	965	973
530	852	860	868	876	884	892	900	908
530	787	795	803	811	819	827	835	843
530	730	737	744	751	758	765	772	779
538	609	672	739	799	858	926	989	1051
547	608	664	760	847	866	966	1021	1067
556	612	696	781	807	898	958	1005	1043
565	615	720	746	839	890	942	981	1075
574	610	680	774	831	874	918	1013	1099
583	614	712	767	815	850	950	1037	1059
592	613	704	753	791	882	974	997	1091
601	611	688	732	823	906	934	1029	1083
538	663	724	777	845	905	971	1039	1102
601	659	668	749	837	857	955	1015	1062
547	662	692	770	797	889	947	999	1046
556	657	716	735	829	881	931	983	1070
565	661	676	763	821	865	915	1007	1094
574	660	708	756	805	849	939	1031	1054
583	658	700	742	789	873	963	991	1086
592	656	684	728	813	897	923	1023	1078
199	538	654	719	832	902	962	1028	1089
198	547	652	711	816	878	922	980	1057
538	645	706	764	830	888	959	1019	1085
583	646	666	736	822	896	943	995	1101
592	643	674	757	838	872	935	1035	1045
601	642	698	771	814	864	975	979	1053
547	647	714	750	806	904	919	987	1077
556	640	690	743	846	848	927	1011	1093
565	641	682	778	790	856	951	1027	1069
574	644	722	729	798	880	967	1003	1061
538	636	702	759	818	887	944	1009	1076
574	634	670	780	810	895	928	985	1092
583	633	726	752	826	871	920	1025	1044
592	638	694	766	802	863	960	977	1100
601	632	710	745	794	903	912	1033	1068
547	639	686	738	834	855	968	1001	1084
556	635	678	773	786	911	936	1017	1060
565	637	718	731	842	879	952	993	1052
538	627	693	755	812	875	937	1000	1066
565	631	669	776	804	883	921	1032	1082
574	629	717	748	820	859	969	1016	1042
583	624	685	762	796	907	953	976	1090
592	630	701	741	844	891	913	1024	1058
601	626	677	783	828	851	961	992	1074
547	628	725	769	788	899	929	1008	1050
556	625	709	734	836	867	945	984	1098
538	618	683	747	801	869	932	994	1056
556	620	667	768	793	877	972	1026	1072
565	616	707	740	809	909	964	1010	1040
574	621	675	754	841	901	948	978	1080
583	617	691	782	833	885	916	1018	1048
592	619	723	775	817	853	956	986	1064
601	623	715	761	785	893	924	1002	1096
547	622	699	733	825	861	940	1034	1088
531	539	548	557	566	575	584	593	602
531	666	674	682	690	698	706	714	722
531	1041	1049	1057	1065	1073	1081	1089	1097
531	983	991	999	1007	1015	1023	1031	1039
531	918	926	934	942	950	958	966	974
531	853	861	869	877	885	893	901	909
531	788	796	804	812	820	828	836	844
531	731	738	745	752	759	766	773	780
539	610	676	741	794	862	925	987	1048
548	612	668	762	842	870	965	1019	1064
557	608	700	783	802	902	957	1003	1040
566	613	724	748	834	894	941	979	1072
575	609	684	776	826	878	917	1011	1096
584	611	716	769	810	854	949	1035	1056
593	615	708	755	786	886	973	995	1088
602	614	692	734	818	910	933	1027	1080
149	539	657	720	841	907	975	1038	1100
148	548	660	688	793	891	951	998	1044
539	655	717	770	838	898	964	1025	1095
593	651	669	742	830	906	948	1001	1055
602	654	685	763	846	882	940	985	1047
548	649	709	777	822	874	924	977	1063
557	653	725	756	814	858	916	993	1087
566	652	701	749	798	850	932	1017	1103
575	650	693	735	790	866	956	1033	1079
584	648	677	728	806	890	972	1009	1071
539	646	705	768	824	895	955	1021	1082
584	645	665	740	816	903	939	997	1098
593	647	673	761	832	879	931	1037	1042
602	644	697	775	808	871	971	981	1050
548	643	713	754	800	911	915	989	1074
557	641	689	747	840	855	923	1013	1090
566	640	681	782	784	863	947	1029	1066
575	642	721	733	792	887	963	1005	1058
539	637	699	758	823	880	945	1012	1078
575	638	667	779	815	888	929	988	1094
584	635	723	751	831	864	921	1028	1046
593	634	691	765	807	856	961	980	1102
602	639	707	744	799	896	913	1036	1070
548	632	683	737	839	848	969	1004	1086
557	633	675	772	791	904	937	1020	1062
566	636	715	730	847	872	953	996	1054
539	628	695	753	811	873	936	1002	1069
566	626	671	774	803	881	920	1034	1085
575	625	719	746	819	857	968	1018	1045
584	630	687	760	795	905	952	978	1093
593	624	703	739	843	889	912	1026	1061
602	631	679	781	827	849	960	994	1077
548	627	727	767	787	897	928	1010	1053
557	629	711	732	835	865	944	986	1101
539	619	686	743	805	868	930	992	1059
557	623	670	764	797	876	970	1024	1075
566	621	710	736	813	908	962	1008	1043
575	616	678	750	845	900	946	976	1083
584	622	694	778	837	884	914	1016	1051
593	618	726	771	821	852	954	984	1067
602	620	718	757	789	892	922	1000	1099
548	617	702	729	829	860	938	1032	1091
532	540	549	558	567	576	585	594	603
532	667	675	683	691	699	707	715	723
532	1042	1050	1058	1066	1074	1082	1090	1098
532	977	985	993	1001	1009	1017	1025	1033
532	919	927	935	943	951	959	967	975
532	854	862	870	878	886	894	902	910
532	789	797	805	813	821	829	837	845
532	732	739	746	753	760	767	774	781
540	611	679	737	798	861	923	984	1052
549	615	671	758	846	869	963	1016	1068
558	613	703	779	806	901	955	1000	1044
567	608	727	744	838	893	939	976	1076
576	614	687	772	830	877	915	1008	1100
585	610	719	765	814	853	947	1032	1060
594	612	711	751	790	885	971	992	1092
603	609	695	730	822	909	931	1024	1084
540	658	725	778	843	911	974	1036	1096
603	660	669	750	835	863	958	1012	1056
549	656	693	771	795	895	950	996	1040
558	661	717	736	827	887	934	980	1064
567	657	677	764	819	871	918	1004	1088
576	659	709	757	803	855	942	1028	1048
585	663	701	743	787	879	966	988	1080
594	662	685	729	811	903	926	1020	1072
540	649	712	775	834	900	961	1031	1093
594	648	664	747	826	908	945	1007	1053
603	652	680	768	842	884	937	991	1045
549	655	704	782	818	876	921	983	1061
558	650	720	761	810	860	913	999	1085
567	654	696	754	794	852	929	1023	1101
576	653	688	740	786	868	953	1039	1077
585	651	672	733	802	892	969	1015	1069
540	647	710	763	831	891	957	1018	1081
585	643	670	735	823	899	941	994	1097
594	646	678	756	839	875	933	1034	1041
603	641	702	770	815	867	973	978	1049
549	645	718	749	807	907	917	986	1073
558	644	694	742	847	851	925	1010	1089
567	642	686	777	791	859	949	1026	1065
576	640	726	728	799	883	965	1002	1057
540	638	698	762	816	881	948	1014	1075
576	637	666	783	808	889	932	990	1091
585	639	722	755	824	865	924	1030	1043
594	636	690	769	800	857	964	982	1099
603	635	706	748	792	897	916	1038	1067
549	633	682	741	832	849	972	1006	1083
558	632	674	776	784	905	940	1022	1059
567	634	714	734	840	873	956	998	1051
540	629	692	752	809	872	938	1005	1071
567	630	668	773	801	880	922	1037	1087
576	627	716	745	817	856	970	1021	1047
585	626	684	759	793	904	954	981	1095
594	631	700	738	841	888	914	1029	1063
603	624	676	780	825	848	962	997	1079
549	625	724	766	785	896	930	1013	1055
558	628	708	731	833	864	946	989	1103
362	585	616	689	836	882	912	1019	1054
363	594	623	721	820	850	952	987	1070
541	612	674	740	797	859	920	988	1055
550	610	666	761	845	867	960	1020	1071
559	609	698	782	805	899	952	1004	1047
568	614	722	747	837	891	936	980	1079
577	608	682	775	829	875	912	1012	1103
586	615	714	768	813	851	944	1036	1063
595	611	706	754	789	883	968	996	1095
604	613	690	733	821	907	928	1028	1087
541	659	721	780	847	910	972	1032	1101
604	663	665	752	839	862	956	1008	1061
550	661	689	773	799	894	948	992	1045
559	656	713	738	831	886	932	976	1069
568	662	673	766	823	870	916	1000	1093
577	658	705	759	807	854	940	1024	1053
586	660	697	745	791	878	964	984	1085
595	657	681	731	815	902	924	1016	1077
541	650	718	772	836	897	967	1029	1088
595	652	670	744	828	905	951	1005	1048
604	648	686	765	844	881	943	989	1040
550	653	710	779	820	873	927	981	1056
559	649	726	758	812	857	919	997	1080
568	651	702	751	796	849	935	1021	1096
577	655	694	737	788	865	959	1037	1072
586	654	678	730	804	889	975	1013	1064
541	641	704	769	827	893	954	1017	1086
586	640	664	741	819	901	938	993	1102
595	644	672	762	835	877	930	1033	1046
604	647	696	776	811	869	970	977	1054
550	642	712	755	803	909	914	985	1078
559	646	688	748	843	853	922	1009	1094
568	645	680	783	787	861	946	1025	1070
577	643	720	734	795	885	962	1001	1062
541	639	703	756	817	884	950	1011	1074
577	635	671	777	809	892	934	987	1090
586	638	727	749	825	868	926	1027	1042
595	633	695	763	801	860	966	979	1098
604	637	711	742	793	900	918	1035	1066
550	636	687	735	833	852	974	1003	1082
559	634	679	770	785	908	942	1019	1058
568	632	719	728	841	876	958	995	1050
541	630	691	750	808	874	941	1007	1068
568	629	667	771	800	882	925	1039	1084
577	631	715	743	816	858	973	1023	1044
586	628	683	757	792	906	957	983	1092
595	627	699	736	840	890	917	1031	1060
604	625	675	778	824	850	965	999	1076
550	624	723	764	784	898	933	1015	1052
559	626	707	729	832	866	949	991	1100
541	621	685	746	802	864	931	998	1057
559	622	669	767	794	872	971	1030	1073
568	619	709	739	810	904	963	1014	1041
577	618	677	753	842	896	947	982	1081
586	623	693	781	834	880	915	1022	1049
595	616	725	774	818	848	955	990	1065
604	617	717	760	786	888	923	1006	1097
550	620	701	732	826	856	939	1038	1089
533	542	551	560	569	578	587	596	605
533	669	677	685	693	701	709	717	725
533	1044	1052	1060	1068	1076	1084	1092	1100
533	979	987	995	1003	1011	1019	1027	1035
533	914	922	930	938	946	954	962	970
533	849	857	865	873	881	889	897	905
533	791	799	807	815	823	831	839	847
533	733	740	747	754	761	768	775	782
296	560	611	702	803	896	956	1007	1042
297	578	615	686	827	872	916	1015	1098
542	660	723	783	846	908	968	1037	1097
605	658	667	755	838	860	952	1013	1057
551	657	691	776	798	892	944	997	1041
560	662	715	741	830	884	928	981	1065
569	656	675	769	822	868	912	1005	1089
578	663	707	762	806	852	936	1029	1049
587	659	699	748	790	876	960	989	1081
596	661	683	734	814	900	920	1021	1073
542	651	714	774	833	903	965	1024	1094
596	655	666	746	825	911	949	1000	1054
605	653	682	767	841	887	941	984	1046
551	648	706	781	817	879	925	976	1062
560	654	722	760	809	863	917	992	1086
569	650	698	753	793	855	933	1016	1102
578	652	690	739	785	871	957	1032	1078
587	649	674	732	801	895	973	1008	1070
542	642	711	766	829	890	953	1022	1080
587	644	671	738	821	898	937	998	1096
596	640	679	759	837	874	929	1038	1040
605	645	703	773	813	866	969	982	1048
551	641	719	752	805	906	913	990	1072
560	643	695	745	845	850	921	1014	1088
569	647	687	780	789	858	945	1030	1064
578	646	727	731	797	882	961	1006	1056
542	633	696	757	820	886	947	1010	1079
578	632	664	778	812	894	931	986	1095
587	636	720	750	828	870	923	1026	1047
596	639	688	764	804	862	963	978	1103
605	634	704	743	796	902	915	1034	1071
551	638	680	736	836	854	971	1002	1087
560	637	672	771	788	910	939	1018	1063
569	635	712	729	844	878	955	994	1055
542	631	689	749	810	877	943	1004	1067
569	627	665	770	802	885	927	1036	1083
578	630	713	742	818	861	975	1020	1043
587	625	681	756	794	909	959	980	1091
596	629	697	735	842	893	919	1028	1059
605	628	673	777	826	853	967	996	1075
551	626	721	763	786	901	935	1012	1051
560	624	705	728	834	869	951	988	1099
542	622	684	744	800	867	934	993	1061
560	621	668	765	792	875	974	1025	1077
569	623	708	737	808	907	966	1009	1045
578	620	676	751	840	899	950	977	1085
587	619	692	779	832	883	918	1017	1053
596	617	724	772	816	851	958	985	1069
605	616	716	758	784	891	926	1001	1101
551	618	700	730	824	859	942	1033	1093
534	543	552	561	570	579	588	597	606
534	670	678	686	694	702	710	718	726
534	1045	1053	1061	1069	1077	1085	1093	1101
534	980	988	996	1004	1012	1020	1028	1036
534	915	923	931	939	947	955	963	971
534	850	858	866	874	882	890	898	906
534	785	793	801	809	817	825	833	841
534	734	741	748	755	762	769	776	783
543	614	677	738	792	860	927	986	1054
552	613	669	759	840	868	967	1018	1070
561	615	701	780	800	900	959	1002	1046
570	612	725	745	832	892	943	978	1078
579	611	685	773	824	876	919	1010	1102
588	609	717	766	808	852	951	1034	1062
597	608	709	752	784	884	975	994	1094
606	610	693	731	816	908	935	1026	1086
543	661	727	782	844	904	973	1033	1099
606	662	671	754	836	856	957	1009	1059
552	659	695	775	796	888	949	993	1043
561	658	719	740	828	880	933	977	1067
570	663	679	768	820	864	917	1001	1091
579	656	711	761	804	848	941	1025	1051
588	657	703	747	788	872	965	985	1083
597	660	687	733	812	896	925	1017	1075
543	652	716	771	839	901	960	1030	1090
597	650	668	743	831	909	944	1006	1050
606	649	684	764	847	885	936	990	1042
552	654	708	778	823	877	920	982	1058
561	648	724	757	815	861	912	998	1082
570	655	700	750	799	853	928	1022	1098
579	651	692	736	791	869	952	1038	1074
588	653	676	729	807	893	968	1014	1066
518	606	640	699	810	865	974	976	1055
519	570	644	683	786	857	950	1024	1071
543	634	697	760	822	883	946	1015	1072
579	636	665	781	814	891	930	991	1088
588	632	721	753	830	867	922	1031	1040
597	637	689	767	806	859	962	983	1096
606	633	705	746	798	899	914	1039	1064
552	635	681	739	838	851	970	1007	1080
561	639	673	774	790	907	938	1023	1056
570	638	713	732	846	875	954	999	1048
543	625	688	751	813	879	940	1003	1065
570	624	664	772	805	887	924	1035	1081
579	628	712	744	821	863	972	1019	1041
588	631	680	758	797	911	956	979	1089
597	626	696	737	845	895	916	1027	1057
606	630	672	779	829	855	964	995	1073
552	629	720	765	789	903	932	1011	1049
561	627	704	730	837	871	948	987	1097
543	623	682	742	803	870	929	997	1060
561	619	666	763	795	878	969	1029	1076
570	622	706	735	811	910	961	1013	1044
579	617	674	749	843	902	945	981	1084
588	621	690	777	835	886	913	1021	1052
597	620	722	770	819	854	953	989	1068
606	618	714	756	787	894	921	1005	1100
552	616	698	728	827	862	937	1037	1092
535	544	553	562	571	580	589	598	607
535	671	679	687	695	703	711	719	727
535	1046	1054	1062	1070	1078	1086	1094	1102
535	981	989	997	1005	1013	1021	1029	1037
535	916	924	932	940	948	956	964	972
535	851	859	867	875	883	891	899	907
535	786	794	802	810	818	826	834	842
535	729	736	743	750	757	764	771	778
544	615	675	735	796	863	922	990	1053
553	611	667	756	844	871	962	1022	1069
562	614	699	777	804	903	954	1006	1045
571	609	723	742	836	895	938	982	1077
580	613	683	770	828	879	914	1014	1101
589	612	715	763	812	855	946	1038	1061
598	610	707	749	788	887	970	998	1093
607	608	691	728	820	911	930	1030	1085
544	662	726	781	840	909	969	1035	1103
607	661	670	753	832	861	953	1011	1063
553	663	694	774	792	893	945	995	1047
562	660	718	739	824	885	929	979	1071
571	659	678	767	816	869	913	1003	1095
580	657	710	760	800	853	937	1027	1055
589	656	702	746	784	877	961	987	1087
598	658	686	732	808	901	921	1019	1079
544	653	713	776	837	896	966	1026	1092
598	654	665	748	829	904	950	1002	1052
607	651	681	769	845	880	942	986	1044
553	650	705	783	821	872	926	978	1060
562	655	721	762	813	856	918	994	1084
571	648	697	755	797	848	934	1018	1100
580	649	689	741	789	864	958	1034	1076
589	652	673	734	805	888	974	1010	1068
544	644	709	765	825	894	952	1023	1083
589	642	669	737	817	902	936	999	1099
598	641	677	758	833	878	928	1039	1043
607	646	701	772	809	870	968	983	1051
553	640	717	751	801	910	912	991	1075
562	647	693	744	841	854	920	1015	1091
571	643	685	779	785	862	944	1031	1067
580	645	725	730	793	886	960	1007	1059
544	635	700	761	819	882	951	1008	1073
580	639	668	782	811	890	935	984	1089
589	637	724	754	827	866	927	1024	1041
598	632	692	768	803	858	967	976	1097
607	638	708	747	795	898	919	1032	1065
553	634	684	740	835	850	975	1000	1081
562	636	676	775	787	906	943	1016	1057
571	633	716	733	843	874	959	992	1049
444	571	628	666	807	884	923	1033	1080
445	607	627	674	831	852	963	993	1072
544	617	680	745	806	865	933	996	1058
562	616	664	766	798	873	973	1028	1074
571	620	704	738	814	905	965	1012	1042
580	623	672	752	846	897	949	980	1082
589	618	688	780	838	881	917	1020	1050
598	622	720	773	822	849	957	988	1066
607	621	712	759	790	889	925	1004	1098
553	619	696	731	830	857	941	1036	1090
8	9	10	11	12	13	14	15	529
66	67	68	69	70	71	72	73	528
124	125	126	127	128	129	130	131	535
182	183	184	185	186	187	188	189	532
240	241	242	243	244	245	246	247	531
354	355	356	357	358	359	360	361	534
412	413	414	415	416	417	418	419	533
470	471	472	473	474	475	476	477	530
0	8	16	26	34	42	50	58	731
0	66	74	82	90	98	108	116	885
0	124	132	140	148	150	158	166	174
0	182	190	198	200	208	216	224	232
0	240	248	256	264	272	280	288	995
0	298	306	314	322	330	338	346	586
0	354	364	372	380	388	396	404	613
0	412	420	428	436	446	454	462	707
0	470	478	486	494	502	510	520	939
1	8	17	29	38	47	56	65	744
1	66	75	84	93	102	114	123	837
1	124	133	142	149	154	163	172	181
1	182	191	199	203	212	221	230	239
1	240	249	258	267	276	285	294	697
1	299	308	317	326	335	344	353	604
1	354	366	375	384	393	402	411	843
1	412	421	430	439	451	460	469	802
1	470	479	488	497	506	515	527	631
2	8	18	30	39	48	57	59	750
2	66	76	85	94	103	107	115	117
2	124	134	143	155	164	173	175	914
2	182	192	204	213	222	231	233	883
2	240	250	259	268	277	286	295	618
2	300	309	318	327	336	345	347	568
2	354	362	367	376	385	394	403	405
2	412	422	431	440	452	461	463	926
2	470	480	489	498	507	516	521	839
3	8	19	31	40	49	51	60	762
3	66	77	86	95	104	109	118	1053
3	124	135	144	156	165	167	176	1097
3	182	193	205	214	223	225	234	1092
3	240	251	260	269	278	287	289	960
3	301	310	319	328	337	339	348	559
3	354	368	377	386	395	397	406	1074
3	412	423	432	441	445	453	455	464
3	470	481	490	499	508	517	518	522
4	8	20	32	41	43	52	61	767
4	66	78	87	96	105	106	110	119
4	124	136	145	157	159	168	177	1036
4	182	194	206	215	217	226	235	704
4	240	252	261	270	279	281	290	898
4	302	311	320	329	331	340	349	595
4	354	363	369	378	387	389	398	407
4	412	424	433	442	447	456	465	1000
4	470	482	491	500	509	511	523	1040
5	8	21	24	33	35	44	53	62
5	66	79	88	97	99	111	120	925
5	124	137	146	151	160	169	178	894
5	182	195	207	209	218	227	236	785
5	240	253	262	271	273	282	291	296
5	303	312	321	323	332	341	350	541
5	354	370	379	381	390	399	408	848
5	412	425	434	443	448	457	466	1103
5	470	483	492	501	503	512	524	977
6	8	22	25	27	36	45	54	63
6	66	80	89	91	100	112	121	693
6	124	138	147	152	161	170	179	653
6	182	196	201	210	219	228	237	659
6	240	254	263	265	274	283	292	297
6	304	313	315	324	333	342	351	577
6	354	371	373	382	391	400	409	999
6	412	426	435	437	449	458	467	645
6	470	484	493	495	504	513	525	698
7	8	23	28	37	46	55	64	740
7	66	81	83	92	101	113	122	1037
7	124	139	141	153	162	171	180	840
7	182	197	202	211	220	229	238	1014
7	240	255	257	266	275	284	293	1102
7	305	307	316	325	334	343	352	550
7	354	365	374	383	392	401	410	932
7	412	427	429	438	444	450	459	468
7	470	485	487	496	505	514	519	526
9	74	133	192	251	302	426	485	948
9	75	132	194	255	300	425	481	1090
9	76	136	190	253	299	427	484	835
9	77	139	195	248	304	362	424	479
9	78	134	191	254	298	423	483	1031
9	79	138	193	250	305	421	482	542
9	80	137	197	252	301	420	480	670
9	81	135	196	249	303	363	422	478
10	116	176	235	296	351	410	469	521
10	117	178	239	352	409	465	520	1011
10	118	174	237	349	411	468	524	558
10	119	179	232	348	408	463	527	890
10	120	175	238	353	407	467	522	681
10	121	177	234	346	405	466	526	828
10	122	181	236	347	404	464	525	1086
10	123	180	233	297	350	406	462	523
11	108	169	228	293	344	403	455	860
11	109	173	226	294	343	399	454	847
11	110	171	225	291	345	402	458	1001
11	111	166	230	290	342	397	461	519
11	112	172	224	295	341	401	456	518
11	113	168	231	288	339	400	460	955
11	114	170	227	289	338	398	459	706
11	115	167	229	292	340	396	457	553
12	162	221	286	337	389	448	513	1077
12	106	160	222	285	333	388	450	517
12	159	219	287	336	392	446	515	829
12	164	218	284	331	395	451	510	981
12	158	223	283	335	390	447	516	917
12	165	216	281	334	394	449	512	685
12	107	161	217	280	332	393	453	514
12	163	220	282	330	391	452	511	877
13	98	155	214	279	323	382	444	506
13	99	156	213	275	322	384	504	966
13	100	153	215	278	326	380	503	1095
13	101	152	212	273	329	385	508	826
13	102	157	211	277	324	381	445	502
13	103	150	209	276	328	383	509	597
13	104	151	208	274	327	387	505	715
13	105	154	210	272	325	386	507	897
14	90	207	265	316	375	440	499	954
14	91	203	264	318	379	438	500	703
14	92	206	268	314	377	437	497	1065
14	93	201	271	319	372	442	496	996
14	94	149	205	266	315	378	436	501
14	95	204	270	317	374	443	494	592
14	96	148	202	269	321	376	439	495
14	97	200	267	320	373	441	498	886
15	82	147	258	309	368	433	492	859
15	83	143	198	260	313	366	434	491
15	84	146	256	311	365	431	493	919
15	85	141	261	306	370	430	490	593
15	86	145	199	257	312	364	435	489
15	87	144	259	308	371	428	487	990
15	88	142	263	310	367	429	486	801
15	89	140	262	307	369	432	488	1068
16	67	133	265	323	389	455	521	1060
16	75	125	209	307	397	447	495	968
16	83	151	183	281	299	373	463	518
16	91	175	217	241	339	365	479	992
16	99	141	191	289	405	437	511	684
16	106	167	201	257	347	355	421	503
16	109	159	233	273	315	413	487	614
16	117	225	249	331	381	429	471	824
17	67	132	271	324	394	459	523	1006
17	74	125	210	310	401	452	501	844
17	86	152	183	286	298	379	465	519
17	97	177	222	241	343	368	478	834
17	100	144	190	293	407	443	516	700
17	107	171	207	260	349	355	420	504
17	113	164	235	274	321	413	490	795
17	119	229	248	336	382	432	471	970
18	67	136	266	328	393	457	520	809
18	78	125	214	313	399	451	496	620
18	89	156	183	285	302	374	462	1088
18	92	174	221	241	341	371	445	482
18	104	147	194	291	404	438	515	668
18	169	202	263	346	355	424	508	637
18	111	163	232	278	316	363	413	493
18	116	227	252	335	386	435	471	988
19	67	139	199	270	327	391	454	524
19	81	125	213	296	308	396	449	500
19	84	155	183	283	305	378	466	815
19	96	178	219	241	338	366	485	849
19	103	142	197	288	408	442	513	716
19	166	206	258	350	355	427	507	591
19	108	161	236	277	320	413	488	904
19	120	224	255	333	385	430	471	1073
20	67	134	269	325	388	458	527	875
20	76	125	211	312	400	446	499	549
20	88	153	183	280	300	377	469	598
20	95	181	216	241	342	370	444	480
20	101	146	192	292	411	441	510	676
20	170	205	262	353	355	422	505	949
20	112	158	239	275	319	362	413	492
20	123	228	250	330	383	434	471	649
21	67	138	267	322	392	461	522	575
21	80	125	208	311	403	450	497	906
21	87	150	183	284	304	375	464	630
21	93	176	220	241	345	369	484	543
21	98	145	196	295	406	439	514	724
21	173	203	261	348	355	426	502	797
21	115	162	234	272	317	413	491	972
21	118	149	231	254	334	380	433	471
22	67	137	264	326	395	456	526	935
22	79	125	212	309	398	453	494	1003
22	85	154	183	287	303	372	468	971
22	90	180	223	241	340	367	483	646
22	102	143	195	290	410	436	517	692
22	168	200	259	352	355	425	506	997
22	110	165	238	276	314	413	489	1058
22	122	148	226	253	337	384	431	471
23	67	135	198	268	329	390	460	525
23	77	125	215	297	306	402	448	498
23	82	157	183	282	301	376	467	900
23	94	179	218	241	344	364	481	1063
23	105	140	193	294	409	440	512	708
23	172	204	256	351	355	423	509	869
23	114	160	237	279	318	413	486	983
23	121	230	251	332	387	428	471	862
73	147	207	279	337	403	469	485	734
81	157	239	263	345	395	443	477	733
89	131	223	255	321	411	461	509	732
97	165	189	295	313	387	427	527	536
105	139	231	247	353	379	453	493	730
115	181	215	271	305	361	435	517	729
123	173	197	287	329	371	419	501	728
73	143	206	273	335	400	464	478	739
74	151	234	259	342	393	442	477	738
85	131	221	248	320	406	458	503	741
96	163	189	292	309	381	420	522	736
99	132	228	247	348	378	451	489	735
112	176	209	270	298	361	431	515	599
118	170	190	285	323	367	419	500	737
73	146	201	277	334	398	462	481	743
77	155	232	262	340	392	437	477	742
88	131	220	251	315	404	456	507	545
91	162	189	290	312	385	423	520	748
103	135	226	247	346	373	450	492	747
110	174	213	265	301	361	434	514	746
116	168	193	284	327	370	419	495	745
73	141	205	276	332	396	465	484	754
80	154	235	257	338	390	441	477	554
83	131	218	254	319	407	454	506	752
95	160	189	288	307	384	426	523	751
102	138	224	247	349	377	448	487	755
108	177	212	269	304	361	429	512	749
119	166	196	282	326	365	419	499	753
73	145	204	274	330	399	468	479	759
75	152	238	261	341	388	440	477	760
87	131	216	249	318	410	457	504	761
94	158	189	291	311	382	421	526	756
100	133	227	247	352	376	446	491	757
111	180	210	268	299	361	433	510	758
122	169	191	280	324	369	419	498	563
73	144	202	272	333	402	463	483	765
79	150	233	260	344	391	438	477	769
86	131	219	253	316	405	460	502	763
92	161	189	294	310	380	425	521	768
98	137	230	247	347	374	449	490	572
114	175	208	266	303	361	432	513	766
117	172	195	283	322	368	419	496	764
24	73	142	200	275	336	397	467	482
24	78	153	237	258	339	394	436	477
24	84	131	222	252	314	409	455	505
24	90	164	189	289	308	383	424	525
24	101	136	225	247	351	372	452	488
24	109	179	211	264	302	361	430	516
24	121	167	194	286	325	366	419	494
25	73	140	203	278	331	401	466	480
25	76	156	236	256	343	389	439	477
25	82	131	217	250	317	408	459	508
25	93	159	189	293	306	386	422	524
25	104	134	229	247	350	375	447	486
25	113	178	214	267	300	361	428	511
25	120	171	192	281	328	364	419	497
26	72	214	286	344	410	426	492	870
26	80	180	294	336	378	418	508	584
26	88	164	196	270	352	402	445	476
26	96	130	230	262	328	468	516	880
26	104	172	188	320	394	434	484	920
26	107	146	238	246	304	386	460	500
26	114	156	206	254	370	452	526	822
26	122	138	222	278	312	360	442	1048
27	72	215	284	341	405	420	488	930
27	74	175	199	291	334	377	418	509
27	84	162	190	269	347	399	476	881
27	95	130	227	258	329	463	514	678
27	105	169	188	319	392	430	478	1027
27	142	233	246	298	387	457	499	709
27	111	157	205	248	366	450	521	806
27	117	132	220	279	308	360	441	908
28	72	212	283	339	404	422	491	1012
28	76	174	289	333	379	418	506	662
28	87	161	192	271	346	397	476	552
28	97	130	225	261	326	362	462	513
28	102	167	188	321	391	433	480	866
28	145	232	246	300	384	455	501	1101
28	109	154	207	250	369	449	520	798
28	116	134	219	276	311	360	443	518
29	72	211	281	338	406	425	493	1081
29	79	176	288	331	376	418	505	680
29	89	159	195	268	348	396	444	476
29	94	130	224	263	325	464	511	1039
29	101	166	188	318	389	435	483	1046
29	106	147	234	246	303	383	454	498
29	108	153	204	253	371	447	522	830
29	118	137	217	275	313	360	440	690
30	72	149	209	280	340	409	427	490
30	81	179	290	330	375	418	503	867
30	86	158	197	267	351	398	476	942
30	93	130	226	260	323	467	510	1082
30	99	168	188	297	317	388	432	485
30	144	237	246	305	381	456	497	1013
30	110	151	203	255	368	446	525	790
30	121	139	216	273	310	360	439	1017
31	72	208	282	343	411	424	489	671
31	78	181	293	332	373	418	502	982
31	85	160	194	265	353	401	476	643
31	91	130	229	259	322	363	469	512
31	98	171	188	315	390	431	482	621
31	143	239	246	302	380	459	495	634
31	113	150	201	252	367	448	527	814
31	123	136	218	272	309	360	437	519
32	72	148	210	285	345	408	423	487
32	77	178	295	335	372	418	504	959
32	83	163	193	264	350	403	476	675
32	90	130	231	257	324	466	515	610
32	100	173	188	296	314	393	429	481
32	141	236	246	301	382	461	494	546
32	115	152	200	251	365	451	524	846
32	120	135	221	274	307	360	436	562
33	72	213	287	342	407	421	486	601
33	75	177	198	292	337	374	418	507
33	82	165	191	266	349	400	476	1008
33	92	130	228	256	327	465	517	551
33	103	170	188	316	395	428	479	673
33	140	235	246	299	385	458	496	957
33	112	155	202	249	364	453	523	838
33	119	133	223	277	306	360	438	625
34	71	155	221	293	351	433	499	587
34	79	145	229	285	319	359	525	691
34	87	137	205	297	343	385	417	515
34	95	171	277	303	409	451	475	943
34	103	129	237	269	335	369	425	519
34	179	187	253	327	401	441	491	1005
34	113	195	245	311	393	467	507	1020
34	121	163	213	261	377	459	483	871
35	71	156	219	290	353	429	498	1050
35	74	141	226	283	318	359	445	527
35	83	132	204	340	386	417	513	936
35	94	168	278	298	411	449	475	656
35	104	129	239	268	333	365	420	624
35	181	187	248	328	398	440	487	965
35	110	190	245	307	391	469	508	727
35	123	161	214	257	376	456	478	879
36	71	153	218	295	346	432	500	1023
36	75	144	231	282	320	359	444	520
36	86	133	206	345	383	417	512	804
36	96	173	275	299	404	448	475	817
36	101	129	232	270	332	368	421	985
36	174	187	249	325	403	442	490	725
36	115	191	245	310	390	462	505	784
36	116	160	211	260	378	461	479	855
37	71	152	223	288	347	363	434	497
37	78	146	224	287	317	359	521	1047
37	88	136	203	338	382	417	517	1078
37	93	166	274	302	405	453	475	696
37	100	129	233	267	337	370	424	1064
37	175	187	252	324	396	439	492	639
37	108	149	194	245	312	395	463	504
37	117	165	210	262	375	454	482	863
38	71	157	216	289	350	431	496	787
38	80	143	225	280	316	359	524	794
38	85	138	202	296	339	387	417	510
38	92	167	279	304	408	446	475	557
38	105	129	236	266	330	367	426	518
38	178	187	254	329	397	438	489	537
38	109	196	245	309	388	466	509	655
38	120	158	215	259	374	455	484	895
39	71	150	217	292	352	430	501	940
39	77	142	228	281	321	359	526	1016
39	84	135	207	342	380	417	511	619
39	97	170	199	272	301	410	447	475
39	98	129	238	271	331	366	423	915
39	106	180	187	251	322	400	443	488
39	112	193	245	308	389	468	502	583
39	122	159	208	258	379	458	481	887
40	71	151	220	294	349	362	435	494
40	76	147	230	284	314	359	523	647
40	89	134	200	344	381	417	514	576
40	90	172	273	300	407	450	475	1076
40	99	129	235	264	334	371	422	722
40	177	187	250	323	402	436	493	1069
40	114	148	192	245	313	392	465	503
40	119	162	209	263	372	460	480	911
41	71	154	222	291	348	428	495	694
41	81	140	227	286	315	359	522	918
41	82	139	201	341	384	417	516	705
41	91	169	198	276	305	406	452	475
41	102	129	234	265	336	364	427	799
41	107	176	187	255	326	399	437	486
41	111	197	245	306	394	464	506	946
41	118	164	212	256	373	457	485	903
42	70	162	228	296	302	368	440	506
42	78	170	220	268	384	466	490	937
42	86	236	292	326	358	450	482	556
42	94	144	212	252	350	392	416	892
42	102	178	204	284	310	363	458	474
42	128	194	276	342	376	432	524	636
42	112	136	186	260	334	408	498	905
42	120	154	244	318	400	424	514	658
43	70	160	225	298	371	439	507	788
43	74	167	218	267	385	468	493	961
43	89	149	238	289	327	358	448	478
43	93	147	213	248	352	390	416	518
43	103	180	203	282	313	455	474	991
43	128	190	277	339	375	435	526	582
43	109	132	186	263	332	410	497	561
43	122	155	244	317	397	420	512	1022
44	70	159	230	305	367	441	504	1062
44	81	172	217	269	382	462	489	953
44	85	232	294	324	358	447	485	792
44	95	143	210	255	346	389	416	1009
44	100	174	205	281	309	460	474	605
44	106	128	197	274	344	377	431	520
44	114	139	186	259	331	404	499	1032
44	116	152	244	319	402	427	511	712
45	70	164	224	301	369	438	503	858
45	77	166	222	266	381	469	491	913
45	87	239	288	323	358	452	481	1041
45	92	145	209	251	353	394	416	544
45	99	181	202	286	311	454	474	888
45	107	128	193	273	338	374	433	527
45	108	135	186	261	336	411	496	818
45	123	151	244	316	396	423	516	851
46	70	158	231	303	366	437	508	979
46	79	173	216	265	386	465	488	969
46	84	235	295	328	358	446	483	910
46	91	142	214	253	349	388	416	1096
46	104	177	201	280	308	461	474	608
46	128	195	278	345	373	430	523	701
46	115	137	186	258	330	407	445	495
46	119	156	199	244	315	403	425	510
47	70	165	227	297	300	365	442	502
47	76	169	223	270	380	467	487	929
47	83	237	291	322	358	453	480	648
47	96	141	208	250	351	395	416	629
47	98	179	206	287	307	362	457	474
47	128	192	272	341	378	429	525	845
47	111	134	186	257	337	409	500	1087
47	121	150	244	320	399	422	517	833
48	70	161	229	299	370	436	509	567
48	75	171	219	264	387	464	492	921
48	88	148	234	293	329	358	449	479
48	90	146	215	249	348	391	416	519
48	105	176	200	283	312	459	474	1066
48	128	191	279	343	372	434	522	861
48	113	133	186	262	333	406	494	641
48	118	157	244	314	401	421	513	1084
49	70	163	226	304	364	443	505	665
49	80	168	221	271	383	463	486	945
49	82	233	290	325	358	451	484	679
49	97	140	211	254	347	393	416	714
49	101	175	207	285	306	456	474	710
49	128	196	275	340	379	428	521	1085
49	110	138	186	256	335	405	444	501
49	117	153	198	244	321	398	426	515
50	69	169	235	251	309	375	444	513
50	77	161	203	243	325	407	431	589
50	85	177	227	275	391	423	497	1018
50	93	153	193	333	357	457	489	944
50	101	149	219	259	301	399	415	523
50	135	211	291	317	367	465	473	635
50	111	127	283	349	383	439	481	825
50	119	143	185	267	341	449	505	726
51	69	173	237	248	312	374	511	1079
51	74	159	202	243	326	409	434	868
51	88	179	231	276	389	420	496	1034
51	92	154	190	297	331	357	461	492
51	102	217	262	298	403	415	525	687
51	106	132	212	295	316	370	467	473
51	115	127	281	351	384	438	478	661
51	121	146	185	266	345	447	506	924
52	69	171	232	254	308	376	517	667
52	80	165	204	243	323	404	430	519
52	84	174	229	273	395	426	498	1002
52	94	151	196	337	357	459	488	540
52	99	223	258	304	401	415	520	651
52	138	209	293	318	366	462	473	717
52	113	127	199	287	346	381	440	484
52	116	142	185	268	343	453	503	596
53	69	166	238	250	310	373	515	579
53	76	163	201	243	329	410	432	626
53	86	180	224	279	393	422	495	994
53	91	157	192	335	357	454	490	713
53	105	221	260	300	396	415	526	1049
53	134	215	288	315	368	468	473	853
53	108	127	285	352	387	437	480	672
53	122	144	185	265	338	362	451	509
54	69	172	234	252	307	379	510	842
54	78	158	207	243	327	406	429	931
54	83	176	230	277	388	424	501	1026
54	97	155	194	330	357	460	487	617
54	103	216	257	302	402	415	522	800
54	136	213	294	321	365	464	473	821
54	114	127	280	348	385	443	482	602
54	118	141	185	271	344	363	446	507
55	69	168	236	249	313	377	516	889
55	75	164	205	243	322	408	435	823
55	89	178	226	272	394	421	499	978
55	95	150	191	296	336	357	456	493
55	98	222	263	299	398	415	524	854
55	107	133	208	290	319	371	466	473
55	110	127	286	350	380	441	479	927
55	120	147	185	269	340	452	502	864
56	69	170	233	255	311	372	445	512
56	81	160	200	243	328	405	433	1056
56	87	175	228	278	390	427	494	1010
56	90	156	197	332	357	458	491	796
56	104	148	218	261	305	400	415	521
56	139	214	292	314	369	463	473	1045
56	112	127	282	347	386	436	485	1052
56	117	145	185	264	342	448	508	612
57	69	167	239	253	306	378	514	934
57	79	162	206	243	324	411	428	518
57	82	181	225	274	392	425	500	986
57	96	152	195	334	357	455	486	1094
57	100	220	256	303	397	415	527	574
57	137	210	289	320	364	469	473	600
57	109	127	198	284	353	382	442	483
57	123	140	185	270	339	450	504	811
58	68	176	192	258	316	382	448	580
58	76	184	274	348	366	456	512	938
58	84	168	210	242	332	362	438	522
58	92	134	234	282	398	430	504	1099
58	100	160	199	250	340	356	464	496
58	152	226	266	308	406	414	480	1029
58	110	142	218	324	374	422	472	812
58	118	126	202	290	300	390	488	873
59	68	178	190	261	315	383	453	791
59	74	184	275	350	369	460	517	1004
59	87	172	211	242	337	437	524	856
59	91	132	236	287	402	433	505	1075
59	101	165	248	344	356	466	495	1030
59	153	230	265	311	408	414	478	564
59	114	145	223	296	325	373	420	472
59	120	126	201	294	298	395	444	491
60	68	174	195	257	317	387	452	1025
60	79	149	184	279	346	365	458	516
60	83	170	215	242	336	439	520	718
60	93	137	232	286	400	429	509	1091
60	105	164	253	342	356	462	497	664
60	107	157	228	267	307	404	414	483
60	112	141	222	329	375	425	472	928
60	116	126	203	292	303	394	487	723
61	68	179	191	259	321	386	450	876
61	75	184	278	351	367	454	514	650
61	85	166	214	242	334	443	525	964
61	97	133	237	284	396	431	508	1083
61	104	162	249	338	356	467	501	663
61	156	224	271	309	409	414	479	901
61	108	143	220	297	328	379	421	472
61	121	126	207	288	299	392	445	489
62	68	175	193	263	320	384	446	519
62	77	184	276	347	371	459	510	695
62	89	171	212	242	330	442	521	569
62	96	135	233	280	401	435	506	1051
62	102	158	251	343	356	463	500	899
62	154	229	270	313	405	414	481	632
62	113	147	216	326	378	423	472	874
62	117	126	206	293	301	388	493	984
63	68	177	197	262	318	380	451	518
63	81	184	272	349	370	455	515	808
63	88	167	208	242	335	440	523	819
63	94	139	235	285	397	434	502	1067
63	98	163	255	339	356	465	498	967
63	150	225	268	312	407	414	485	973
63	109	146	221	322	376	427	472	622
63	119	126	204	289	305	393	492	958
64	68	181	196	260	314	385	447	682
64	80	148	184	277	353	368	457	511
64	86	169	213	242	331	436	527	609
64	90	138	239	281	399	432	507	1059
64	103	159	254	341	356	469	494	566
64	106	155	227	264	310	411	414	484
64	111	144	217	327	372	426	472	1035
64	123	126	200	291	304	389	490	642
65	68	180	194	256	319	381	449	947
65	78	184	273	352	364	461	513	565
65	82	173	209	242	333	363	441	526
65	95	136	238	283	403	428	503	1043
65	99	161	198	252	345	356	468	499
65	151	231	269	306	410	414	482	805
65	115	140	219	323	377	424	472	603
65	122	126	205	295	302	391	486	588
