820	821	822	823	824	825	826	827	828	829
830	831	832	833	834	835	836	837	838	839
840	841	842	843	844	845	846	847	848	849
850	851	852	853	854	855	856	857	858	859
860	861	862	863	864	865	866	867	868	869
870	871	872	873	874	875	876	877	878	879
880	881	882	883	884	885	886	887	888	889
890	891	892	893	894	895	896	897	898	899
900	901	902	903	904	905	906	907	908	909
910	911	912	913	914	915	916	917	918	919
820	830	840	850	860	870	880	890	900	910
820	920	921	922	923	924	925	926	927	928
820	929	930	931	932	933	934	935	936	937
820	938	939	940	941	942	943	944	945	946
820	947	948	949	950	951	952	953	954	955
820	956	957	958	959	960	961	962	963	964
820	965	966	967	968	969	970	971	972	973
820	974	975	976	977	978	979	980	981	982
820	983	984	985	986	987	988	989	990	991
830	992	993	994	995	996	997	998	999	1000
840	1001	1002	1003	1004	1005	1006	1007	1008	1009
850	1010	1011	1012	1013	1014	1015	1016	1017	1018
860	1019	1020	1021	1022	1023	1024	1025	1026	1027
870	1028	1029	1030	1031	1032	1033	1034	1035	1036
880	1037	1038	1039	1040	1041	1042	1043	1044	1045
890	1046	1047	1048	1049	1050	1051	1052	1053	1054
900	1055	1056	1057	1058	1059	1060	1061	1062	1063
910	1064	1065	1066	1067	1068	1069	1070	1071	1072
830	1073	1074	1075	1076	1077	1078	1079	1080	1081
910	1082	1083	1084	1085	1086	1087	1088	1089	1090
840	1091	1092	1093	1094	1095	1096	1097	1098	1099
850	1100	1101	1102	1103	1104	1105	1106	1107	1108
860	1109	1110	1111	1112	1113	1114	1115	1116	1117
870	1118	1119	1120	1121	1122	1123	1124	1125	1126
880	1127	1128	1129	1130	1131	1132	1133	1134	1135
890	1136	1137	1138	1139	1140	1141	1142	1143	1144
900	1145	1146	1147	1148	1149	1150	1151	1152	1153
830	1154	1155	1156	1157	1158	1159	1160	1161	1162
900	1163	1164	1165	1166	1167	1168	1169	1170	1171
910	1172	1173	1174	1175	1176	1177	1178	1179	1180
840	1181	1182	1183	1184	1185	1186	1187	1188	1189
850	1190	1191	1192	1193	1194	1195	1196	1197	1198
860	1199	1200	1201	1202	1203	1204	1205	1206	1207
870	1208	1209	1210	1211	1212	1213	1214	1215	1216
880	1217	1218	1219	1220	1221	1222	1223	1224	1225
890	1226	1227	1228	1229	1230	1231	1232	1233	1234
830	1235	1236	1237	1238	1239	1240	1241	1242	1243
890	1244	1245	1246	1247	1248	1249	1250	1251	1252
900	1253	1254	1255	1256	1257	1258	1259	1260	1261
910	1262	1263	1264	1265	1266	1267	1268	1269	1270
840	1271	1272	1273	1274	1275	1276	1277	1278	1279
850	1280	1281	1282	1283	1284	1285	1286	1287	1288
860	1289	1290	1291	1292	1293	1294	1295	1296	1297
870	1298	1299	1300	1301	1302	1303	1304	1305	1306
880	1307	1308	1309	1310	1311	1312	1313	1314	1315
830	1316	1317	1318	1319	1320	1321	1322	1323	1324
880	1325	1326	1327	1328	1329	1330	1331	1332	1333
890	1334	1335	1336	1337	1338	1339	1340	1341	1342
900	1343	1344	1345	1346	1347	1348	1349	1350	1351
910	1352	1353	1354	1355	1356	1357	1358	1359	1360
840	1361	1362	1363	1364	1365	1366	1367	1368	1369
850	1370	1371	1372	1373	1374	1375	1376	1377	1378
860	1379	1380	1381	1382	1383	1384	1385	1386	1387
870	1388	1389	1390	1391	1392	1393	1394	1395	1396
830	1397	1398	1399	1400	1401	1402	1403	1404	1405
870	1406	1407	1408	1409	1410	1411	1412	1413	1414
880	1415	1416	1417	1418	1419	1420	1421	1422	1423
890	1424	1425	1426	1427	1428	1429	1430	1431	1432
900	1433	1434	1435	1436	1437	1438	1439	1440	1441
910	1442	1443	1444	1445	1446	1447	1448	1449	1450
840	1451	1452	1453	1454	1455	1456	1457	1458	1459
850	1460	1461	1462	1463	1464	1465	1466	1467	1468
860	1469	1470	1471	1472	1473	1474	1475	1476	1477
830	1478	1479	1480	1481	1482	1483	1484	1485	1486
860	1487	1488	1489	1490	1491	1492	1493	1494	1495
870	1496	1497	1498	1499	1500	1501	1502	1503	1504
880	1505	1506	1507	1508	1509	1510	1511	1512	1513
890	1514	1515	1516	1517	1518	1519	1520	1521	1522
900	1523	1524	1525	1526	1527	1528	1529	1530	1531
910	1532	1533	1534	1535	1536	1537	1538	1539	1540
840	1541	1542	1543	1544	1545	1546	1547	1548	1549
850	1550	1551	1552	1553	1554	1555	1556	1557	1558
830	1559	1560	1561	1562	1563	1564	1565	1566	1567
850	1568	1569	1570	1571	1572	1573	1574	1575	1576
860	1577	1578	1579	1580	1581	1582	1583	1584	1585
870	1586	1587	1588	1589	1590	1591	1592	1593	1594
880	1595	1596	1597	1598	1599	1600	1601	1602	1603
890	1604	1605	1606	1607	1608	1609	1610	1611	1612
900	1613	1614	1615	1616	1617	1618	1619	1620	1621
910	1622	1623	1624	1625	1626	1627	1628	1629	1630
840	1631	1632	1633	1634	1635	1636	1637	1638	1639
821	831	841	851	861	871	881	891	901	911
821	992	1001	1010	1019	1028	1037	1046	1055	1064
821	1559	1568	1577	1586	1595	1604	1613	1622	1631
821	1478	1487	1496	1505	1514	1523	1532	1541	1550
821	1397	1406	1415	1424	1433	1442	1451	1460	1469
821	1316	1325	1334	1343	1352	1361	1370	1379	1388
821	1235	1244	1253	1262	1271	1280	1289	1298	1307
821	1154	1163	1172	1181	1190	1199	1208	1217	1226
821	1073	1082	1091	1100	1109	1118	1127	1136	1145
831	956	1038	1119	1200	1281	1362	1443	1524	1605
841	957	993	1146	1173	1290	1326	1461	1515	1587
851	958	1065	1092	1209	1245	1380	1434	1506	1560
861	959	1011	1128	1164	1299	1353	1425	1479	1632
871	960	1047	1083	1218	1272	1344	1398	1551	1578
881	961	1002	1137	1191	1263	1317	1470	1497	1614
891	962	1056	1110	1182	1236	1389	1416	1533	1569
901	963	1029	1101	1155	1308	1335	1452	1488	1623
911	964	1020	1074	1227	1254	1371	1407	1542	1596
831	947	1030	1111	1192	1273	1354	1435	1516	1597
911	948	994	1138	1165	1282	1390	1453	1507	1579
841	949	1057	1084	1201	1309	1372	1426	1498	1561
851	950	1003	1120	1228	1291	1345	1417	1480	1624
861	951	1039	1147	1210	1264	1336	1399	1543	1570
871	952	1066	1129	1183	1255	1318	1462	1489	1606
881	953	1048	1102	1174	1237	1381	1408	1525	1633
891	954	1021	1093	1156	1300	1327	1444	1552	1615
901	955	1012	1075	1219	1246	1363	1471	1534	1588
831	938	1022	1103	1184	1265	1346	1427	1508	1589
901	939	995	1130	1229	1274	1382	1445	1499	1571
911	940	1049	1148	1193	1301	1364	1418	1490	1562
841	941	1067	1112	1220	1283	1337	1409	1481	1616
851	942	1031	1139	1202	1256	1328	1400	1535	1634
861	943	1058	1121	1175	1247	1319	1454	1553	1598
871	944	1040	1094	1166	1238	1373	1472	1517	1625
881	945	1013	1085	1157	1292	1391	1436	1544	1607
891	946	1004	1076	1211	1310	1355	1463	1526	1580
831	929	1014	1095	1176	1257	1338	1419	1500	1581
891	930	996	1122	1221	1266	1374	1437	1491	1635
901	931	1041	1140	1185	1293	1356	1410	1554	1563
911	932	1059	1104	1212	1275	1329	1473	1482	1608
841	933	1023	1131	1194	1248	1392	1401	1527	1626
851	934	1050	1113	1167	1311	1320	1446	1545	1590
861	935	1032	1086	1230	1239	1365	1464	1509	1617
871	936	1005	1149	1158	1284	1383	1428	1536	1599
881	937	1068	1077	1203	1302	1347	1455	1518	1572
831	920	1006	1087	1168	1249	1330	1411	1492	1573
881	921	997	1114	1213	1258	1366	1429	1555	1627
891	922	1033	1132	1177	1285	1348	1474	1546	1564
901	923	1051	1096	1204	1267	1393	1465	1483	1600
911	924	1015	1123	1186	1312	1384	1402	1519	1618
841	925	1042	1105	1231	1303	1321	1438	1537	1582
851	926	1024	1150	1222	1240	1357	1456	1501	1609
861	927	1069	1141	1159	1276	1375	1420	1528	1591
871	928	1060	1078	1195	1294	1339	1447	1510	1636
831	983	1070	1151	1232	1313	1394	1475	1556	1637
871	984	998	1106	1205	1250	1358	1421	1547	1619
881	985	1025	1124	1169	1277	1340	1466	1538	1565
891	986	1043	1088	1196	1259	1385	1457	1484	1592
901	987	1007	1115	1178	1304	1376	1403	1511	1610
911	988	1034	1097	1223	1295	1322	1430	1529	1574
841	989	1016	1142	1214	1241	1349	1448	1493	1601
851	990	1061	1133	1160	1268	1367	1412	1520	1583
861	991	1052	1079	1187	1286	1331	1439	1502	1628
831	974	1062	1143	1224	1305	1386	1467	1548	1629
861	975	999	1098	1197	1314	1350	1413	1539	1611
871	976	1017	1116	1233	1269	1332	1458	1530	1566
881	977	1035	1152	1188	1251	1377	1449	1485	1584
891	978	1071	1107	1170	1296	1368	1404	1503	1602
901	979	1026	1089	1215	1287	1323	1422	1521	1638
911	980	1008	1134	1206	1242	1341	1440	1557	1593
841	981	1053	1125	1161	1260	1359	1476	1512	1575
851	982	1044	1080	1179	1278	1395	1431	1494	1620
831	965	1054	1135	1216	1297	1378	1459	1540	1621
851	966	1000	1090	1189	1306	1342	1477	1531	1603
861	967	1009	1108	1225	1261	1396	1450	1522	1567
871	968	1027	1144	1180	1315	1369	1441	1486	1576
881	969	1063	1099	1234	1288	1360	1405	1495	1594
891	970	1018	1153	1207	1279	1324	1414	1513	1630
901	971	1072	1126	1198	1243	1333	1432	1549	1585
911	972	1045	1117	1162	1252	1351	1468	1504	1639
841	973	1036	1081	1171	1270	1387	1423	1558	1612
822	832	842	852	862	872	882	892	902	912
822	997	1006	1015	1024	1033	1042	1051	1060	1069
822	1563	1572	1581	1590	1599	1608	1617	1626	1635
822	1481	1490	1499	1508	1517	1526	1535	1544	1553
822	1399	1408	1417	1426	1435	1444	1453	1462	1471
822	1317	1326	1335	1344	1353	1362	1371	1380	1389
822	1243	1252	1261	1270	1279	1288	1297	1306	1315
822	1161	1170	1179	1188	1197	1206	1215	1224	1233
822	1079	1088	1097	1106	1115	1124	1133	1142	1151
832	957	1037	1122	1205	1282	1366	1445	1531	1611
842	961	992	1149	1178	1291	1330	1463	1522	1593
852	959	1064	1095	1214	1246	1384	1436	1513	1566
862	964	1010	1131	1169	1300	1357	1427	1486	1638
872	963	1046	1086	1223	1273	1348	1400	1558	1584
882	956	1001	1140	1196	1264	1321	1472	1504	1620
892	960	1055	1113	1187	1237	1393	1418	1540	1575
902	962	1028	1104	1160	1309	1339	1454	1495	1629
912	958	1019	1077	1232	1255	1375	1409	1549	1602
832	955	1036	1109	1195	1278	1355	1439	1518	1596
912	949	1000	1136	1168	1287	1391	1457	1509	1578
842	954	1063	1082	1204	1314	1373	1430	1500	1560
852	953	1009	1118	1231	1296	1346	1421	1482	1623
862	947	1045	1145	1213	1269	1337	1403	1545	1569
872	950	1072	1127	1186	1260	1319	1466	1491	1605
882	952	1054	1100	1177	1242	1382	1412	1527	1632
892	948	1027	1091	1159	1305	1328	1448	1554	1614
902	951	1018	1073	1222	1251	1364	1475	1536	1587
832	945	1021	1101	1181	1268	1351	1428	1512	1591
902	944	994	1128	1226	1277	1387	1446	1503	1573
912	943	1048	1146	1190	1304	1369	1419	1494	1564
842	938	1066	1110	1217	1286	1342	1410	1485	1618
852	940	1030	1137	1199	1259	1333	1401	1539	1636
862	942	1057	1119	1172	1250	1324	1455	1557	1600
872	946	1039	1092	1163	1241	1378	1473	1521	1627
882	941	1012	1083	1154	1295	1396	1437	1548	1609
892	939	1003	1074	1208	1313	1360	1464	1530	1582
832	935	1016	1094	1174	1253	1341	1416	1501	1585
892	933	998	1121	1219	1262	1377	1434	1492	1639
902	929	1043	1139	1183	1289	1359	1407	1555	1567
912	930	1061	1103	1210	1271	1332	1470	1483	1612
842	932	1025	1130	1192	1244	1395	1398	1528	1630
852	936	1052	1112	1165	1307	1323	1443	1546	1594
862	931	1034	1085	1228	1235	1368	1461	1510	1621
872	937	1007	1148	1156	1280	1386	1425	1537	1603
882	934	1070	1076	1201	1298	1350	1452	1519	1576
832	925	1002	1089	1167	1247	1325	1414	1489	1574
882	920	993	1116	1212	1256	1361	1432	1552	1628
892	928	1029	1134	1176	1283	1343	1477	1543	1565
902	922	1047	1098	1203	1265	1388	1468	1480	1601
912	926	1011	1125	1185	1310	1379	1405	1516	1619
842	921	1038	1107	1230	1301	1316	1441	1534	1583
852	927	1020	1152	1221	1238	1352	1459	1498	1610
862	924	1065	1143	1158	1274	1370	1423	1525	1592
872	923	1056	1080	1194	1292	1334	1450	1507	1637
832	987	1071	1147	1234	1312	1392	1469	1551	1634
872	990	999	1102	1207	1249	1356	1415	1542	1616
882	984	1026	1120	1171	1276	1338	1460	1533	1562
892	988	1044	1084	1198	1258	1383	1451	1479	1589
902	991	1008	1111	1180	1303	1374	1397	1506	1607
912	989	1035	1093	1225	1294	1320	1424	1524	1571
842	986	1017	1138	1216	1240	1347	1442	1488	1598
852	985	1062	1129	1162	1267	1365	1406	1515	1580
862	983	1053	1075	1189	1285	1329	1433	1497	1625
832	977	1059	1144	1220	1299	1385	1465	1541	1624
862	982	996	1099	1193	1308	1349	1411	1532	1606
872	978	1014	1117	1229	1263	1331	1456	1523	1561
882	981	1032	1153	1184	1245	1376	1447	1478	1579
892	979	1068	1108	1166	1290	1367	1402	1496	1597
902	976	1023	1090	1211	1281	1322	1420	1514	1633
912	975	1005	1135	1202	1236	1340	1438	1550	1588
842	974	1050	1126	1157	1254	1358	1474	1505	1570
852	980	1041	1081	1175	1272	1394	1429	1487	1615
832	967	1049	1132	1209	1293	1372	1458	1538	1613
852	968	995	1087	1182	1302	1336	1476	1529	1595
862	971	1004	1105	1218	1257	1390	1449	1520	1559
872	969	1022	1141	1173	1311	1363	1440	1484	1568
882	966	1058	1096	1227	1284	1354	1404	1493	1586
892	973	1013	1150	1200	1275	1318	1413	1511	1622
902	965	1067	1123	1191	1239	1327	1431	1547	1577
912	970	1040	1114	1155	1248	1345	1467	1502	1631
842	972	1031	1078	1164	1266	1381	1422	1556	1604
823	833	843	853	863	873	883	893	903	913
823	998	1007	1016	1025	1034	1043	1052	1061	1070
823	1564	1573	1582	1591	1600	1609	1618	1627	1636
823	1482	1491	1500	1509	1518	1527	1536	1545	1554
823	1400	1409	1418	1427	1436	1445	1454	1463	1472
823	1318	1327	1336	1345	1354	1363	1372	1381	1390
823	1236	1245	1254	1263	1272	1281	1290	1299	1308
823	1162	1171	1180	1189	1198	1207	1216	1225	1234
823	1080	1089	1098	1107	1116	1125	1134	1143	1152
833	958	1041	1124	1201	1285	1364	1450	1530	1604
843	959	996	1151	1174	1294	1328	1468	1521	1586
853	962	1068	1097	1210	1249	1382	1441	1512	1559
863	960	1014	1133	1165	1303	1355	1432	1485	1631
873	957	1050	1088	1219	1276	1346	1405	1557	1577
883	964	1005	1142	1192	1267	1319	1477	1503	1613
893	956	1059	1115	1183	1240	1391	1423	1539	1568
903	961	1032	1106	1156	1312	1337	1459	1494	1622
913	963	1023	1079	1228	1258	1373	1414	1548	1595
833	948	1028	1114	1197	1274	1358	1437	1515	1603
913	952	992	1141	1170	1283	1394	1455	1506	1585
843	950	1055	1087	1206	1310	1376	1428	1497	1567
853	955	1001	1123	1233	1292	1349	1419	1479	1630
863	954	1037	1150	1215	1265	1340	1401	1542	1576
873	947	1064	1132	1188	1256	1322	1464	1488	1612
883	951	1046	1105	1179	1238	1385	1410	1524	1639
893	953	1019	1096	1161	1301	1331	1446	1551	1621
903	949	1010	1078	1224	1247	1367	1473	1533	1594
833	946	1020	1100	1187	1270	1347	1431	1510	1588
903	940	993	1127	1232	1279	1383	1449	1501	1570
913	945	1047	1145	1196	1306	1365	1422	1492	1561
843	944	1065	1109	1223	1288	1338	1413	1483	1615
853	938	1029	1136	1205	1261	1329	1404	1537	1633
863	941	1056	1118	1178	1252	1320	1458	1555	1597
873	943	1038	1091	1169	1243	1374	1476	1519	1624
883	939	1011	1082	1160	1297	1392	1440	1546	1606
893	942	1002	1073	1214	1315	1356	1467	1528	1579
833	936	1013	1093	1172	1260	1335	1420	1504	1583
893	935	995	1120	1217	1269	1371	1438	1495	1637
903	934	1040	1138	1181	1296	1353	1411	1558	1565
913	929	1058	1102	1208	1278	1326	1474	1486	1610
843	931	1022	1129	1190	1251	1389	1402	1531	1628
853	933	1049	1111	1163	1314	1317	1447	1549	1592
863	937	1031	1084	1226	1242	1362	1465	1513	1619
873	932	1004	1147	1154	1287	1380	1429	1540	1601
883	930	1067	1075	1199	1305	1344	1456	1522	1574
833	926	1008	1086	1166	1244	1333	1408	1493	1569
883	924	999	1113	1211	1253	1369	1426	1556	1623
893	920	1035	1131	1175	1280	1351	1471	1547	1560
903	921	1053	1095	1202	1262	1396	1462	1484	1596
913	923	1017	1122	1184	1307	1387	1399	1520	1614
843	927	1044	1104	1229	1298	1324	1435	1538	1578
853	922	1026	1149	1220	1235	1360	1453	1502	1605
863	928	1071	1140	1157	1271	1378	1417	1529	1587
873	925	1062	1077	1193	1289	1342	1444	1511	1632
833	988	1066	1153	1231	1311	1388	1470	1553	1638
873	983	994	1108	1204	1248	1352	1416	1544	1620
883	991	1021	1126	1168	1275	1334	1461	1535	1566
893	985	1039	1090	1195	1257	1379	1452	1481	1593
903	989	1003	1117	1177	1302	1370	1398	1508	1611
913	984	1030	1099	1222	1293	1316	1425	1526	1575
843	990	1012	1144	1213	1239	1343	1443	1490	1602
853	987	1057	1135	1159	1266	1361	1407	1517	1584
863	986	1048	1081	1186	1284	1325	1434	1499	1629
833	978	1063	1139	1218	1304	1384	1460	1543	1626
863	981	1000	1094	1191	1313	1348	1406	1534	1608
873	975	1018	1112	1227	1268	1330	1451	1525	1563
883	979	1036	1148	1182	1250	1375	1442	1480	1581
893	982	1072	1103	1164	1295	1366	1397	1498	1599
903	980	1027	1085	1209	1286	1321	1415	1516	1635
913	977	1009	1130	1200	1241	1339	1433	1552	1590
843	976	1054	1121	1155	1259	1357	1469	1507	1572
853	974	1045	1076	1173	1277	1393	1424	1489	1617
833	968	1051	1128	1212	1291	1377	1457	1532	1616
853	973	997	1083	1185	1300	1341	1475	1523	1598
863	969	1006	1101	1221	1255	1395	1448	1514	1562
873	972	1024	1137	1176	1309	1368	1439	1478	1571
883	970	1060	1092	1230	1282	1359	1403	1487	1589
893	967	1015	1146	1203	1273	1323	1412	1505	1625
903	966	1069	1119	1194	1237	1332	1430	1541	1580
913	965	1042	1110	1158	1246	1350	1466	1496	1634
843	971	1033	1074	1167	1264	1386	1421	1550	1607
824	834	844	854	864	874	884	894	904	914
824	999	1008	1017	1026	1035	1044	1053	1062	1071
824	1565	1574	1583	1592	1601	1610	1619	1628	1637
824	1483	1492	1501	1510	1519	1528	1537	1546	1555
824	1401	1410	1419	1428	1437	1446	1455	1464	1473
824	1319	1328	1337	1346	1355	1364	1373	1382	1391
824	1237	1246	1255	1264	1273	1282	1291	1300	1309
824	1155	1164	1173	1182	1191	1200	1209	1218	1227
824	1081	1090	1099	1108	1117	1126	1135	1144	1153
834	959	1043	1120	1204	1283	1369	1449	1523	1608
844	964	998	1147	1177	1292	1333	1467	1514	1590
854	960	1070	1093	1213	1247	1387	1440	1505	1563
864	963	1016	1129	1168	1301	1360	1431	1478	1635
874	961	1052	1084	1222	1274	1351	1404	1550	1581
884	958	1007	1138	1195	1265	1324	1476	1496	1617
894	957	1061	1111	1186	1238	1396	1422	1532	1572
904	956	1034	1102	1159	1310	1342	1458	1487	1626
914	962	1025	1075	1231	1256	1378	1413	1541	1599
834	949	1033	1116	1193	1277	1356	1434	1522	1595
914	950	997	1143	1166	1286	1392	1452	1513	1577
844	953	1060	1089	1202	1313	1374	1425	1504	1559
854	951	1006	1125	1229	1295	1347	1416	1486	1622
864	948	1042	1152	1211	1268	1338	1398	1549	1568
874	955	1069	1134	1184	1259	1320	1461	1495	1604
884	947	1051	1107	1175	1241	1383	1407	1531	1631
894	952	1024	1098	1157	1304	1329	1443	1558	1613
904	954	1015	1080	1220	1250	1365	1470	1540	1586
834	939	1019	1106	1189	1266	1350	1429	1507	1587
904	943	992	1133	1234	1275	1386	1447	1498	1569
914	941	1046	1151	1198	1302	1368	1420	1489	1560
844	946	1064	1115	1225	1284	1341	1411	1480	1614
854	945	1028	1142	1207	1257	1332	1402	1534	1632
864	938	1055	1124	1180	1248	1323	1456	1552	1596
874	942	1037	1097	1171	1239	1377	1474	1516	1623
884	944	1010	1088	1162	1293	1395	1438	1543	1605
894	940	1001	1079	1216	1311	1359	1465	1525	1578
834	937	1012	1091	1179	1254	1339	1423	1502	1580
894	931	994	1118	1224	1263	1375	1441	1493	1634
904	936	1039	1136	1188	1290	1357	1414	1556	1562
914	935	1057	1100	1215	1272	1330	1477	1484	1607
844	929	1021	1127	1197	1245	1393	1405	1529	1625
854	932	1048	1109	1170	1308	1321	1450	1547	1589
864	934	1030	1082	1233	1236	1366	1468	1511	1616
874	930	1003	1145	1161	1281	1384	1432	1538	1598
884	933	1066	1073	1206	1299	1348	1459	1520	1571
834	927	1005	1085	1163	1252	1327	1412	1488	1575
884	926	996	1112	1208	1261	1363	1430	1551	1629
894	925	1032	1130	1172	1288	1345	1475	1542	1566
904	920	1050	1094	1199	1270	1390	1466	1479	1602
914	922	1014	1121	1181	1315	1381	1403	1515	1620
844	924	1041	1103	1226	1306	1318	1439	1533	1584
854	928	1023	1148	1217	1243	1354	1457	1497	1611
864	923	1068	1139	1154	1279	1372	1421	1524	1593
874	921	1059	1076	1190	1297	1336	1448	1506	1638
834	989	1072	1150	1230	1307	1389	1472	1557	1633
874	987	1000	1105	1203	1244	1353	1418	1548	1615
884	983	1027	1123	1167	1271	1335	1463	1539	1561
894	984	1045	1087	1194	1253	1380	1454	1485	1588
904	986	1009	1114	1176	1298	1371	1400	1512	1606
914	990	1036	1096	1221	1289	1317	1427	1530	1570
844	985	1018	1141	1212	1235	1344	1445	1494	1597
854	991	1063	1132	1158	1262	1362	1409	1521	1579
864	988	1054	1078	1185	1280	1326	1436	1503	1624
834	979	1058	1137	1223	1303	1379	1462	1545	1630
864	974	995	1092	1196	1312	1343	1408	1536	1612
874	982	1013	1110	1232	1267	1325	1453	1527	1567
884	976	1031	1146	1187	1249	1370	1444	1482	1585
894	980	1067	1101	1169	1294	1361	1399	1500	1603
904	975	1022	1083	1214	1285	1316	1417	1518	1639
914	981	1004	1128	1205	1240	1334	1435	1554	1594
844	978	1049	1119	1160	1258	1352	1471	1509	1576
854	977	1040	1074	1178	1276	1388	1426	1491	1621
834	969	1047	1131	1210	1296	1376	1451	1535	1618
854	972	993	1086	1183	1305	1340	1469	1526	1600
864	966	1002	1104	1219	1260	1394	1442	1517	1564
874	970	1020	1140	1174	1314	1367	1433	1481	1573
884	973	1056	1095	1228	1287	1358	1397	1490	1591
894	971	1011	1149	1201	1278	1322	1406	1508	1627
904	968	1065	1122	1192	1242	1331	1424	1544	1582
914	967	1038	1113	1156	1251	1349	1460	1499	1636
844	965	1029	1077	1165	1269	1385	1415	1553	1609
825	835	845	855	865	875	885	895	905	915
825	1000	1009	1018	1027	1036	1045	1054	1063	1072
825	1566	1575	1584	1593	1602	1611	1620	1629	1638
825	1484	1493	1502	1511	1520	1529	1538	1547	1556
825	1402	1411	1420	1429	1438	1447	1456	1465	1474
825	1320	1329	1338	1347	1356	1365	1374	1383	1392
825	1238	1247	1256	1265	1274	1283	1292	1301	1310
825	1156	1165	1174	1183	1192	1201	1210	1219	1228
825	1074	1083	1092	1101	1110	1119	1128	1137	1146
835	960	1039	1123	1202	1288	1368	1442	1527	1610
845	963	994	1150	1175	1297	1332	1460	1518	1592
855	957	1066	1096	1211	1252	1386	1433	1509	1565
865	961	1012	1132	1166	1306	1359	1424	1482	1637
875	964	1048	1087	1220	1279	1350	1397	1554	1583
885	962	1003	1141	1193	1270	1323	1469	1500	1619
895	959	1057	1114	1184	1243	1395	1415	1536	1574
905	958	1030	1105	1157	1315	1341	1451	1491	1628
915	956	1021	1078	1229	1261	1377	1406	1545	1601
835	950	1035	1112	1196	1275	1353	1441	1514	1600
915	955	999	1139	1169	1284	1389	1459	1505	1582
845	951	1062	1085	1205	1311	1371	1432	1496	1564
855	954	1008	1121	1232	1293	1344	1423	1478	1627
865	952	1044	1148	1214	1266	1335	1405	1541	1573
875	949	1071	1130	1187	1257	1317	1468	1487	1609
885	948	1053	1103	1178	1239	1380	1414	1523	1636
895	947	1026	1094	1160	1302	1326	1450	1550	1618
905	953	1017	1076	1223	1248	1362	1477	1532	1591
835	940	1025	1108	1185	1269	1348	1426	1506	1586
905	941	998	1135	1230	1278	1384	1444	1497	1568
915	944	1052	1153	1194	1305	1366	1417	1488	1559
845	942	1070	1117	1221	1287	1339	1408	1479	1613
855	939	1034	1144	1203	1260	1330	1399	1533	1631
865	946	1061	1126	1176	1251	1321	1453	1551	1595
875	938	1043	1099	1167	1242	1375	1471	1515	1622
885	943	1016	1090	1158	1296	1393	1435	1542	1604
895	945	1007	1081	1212	1314	1357	1462	1524	1577
835	930	1010	1098	1173	1258	1342	1421	1499	1579
895	934	992	1125	1218	1267	1378	1439	1490	1633
905	932	1037	1143	1182	1294	1360	1412	1553	1561
915	937	1055	1107	1209	1276	1333	1475	1481	1606
845	936	1019	1134	1191	1249	1396	1403	1526	1624
855	929	1046	1116	1164	1312	1324	1448	1544	1588
865	933	1028	1089	1227	1240	1369	1466	1508	1615
875	935	1001	1152	1155	1285	1387	1430	1535	1597
885	931	1064	1080	1200	1303	1351	1457	1517	1570
835	928	1004	1082	1171	1246	1331	1407	1494	1572
885	922	995	1109	1216	1255	1367	1425	1557	1626
895	927	1031	1127	1180	1282	1349	1470	1548	1563
905	926	1049	1091	1207	1264	1394	1461	1485	1599
915	920	1013	1118	1189	1309	1385	1398	1521	1617
845	923	1040	1100	1234	1300	1322	1434	1539	1581
855	925	1022	1145	1225	1237	1358	1452	1503	1608
865	921	1067	1136	1162	1273	1376	1416	1530	1590
875	924	1058	1073	1198	1291	1340	1443	1512	1635
835	990	1069	1149	1226	1308	1391	1476	1552	1639
875	989	997	1104	1199	1245	1355	1422	1543	1621
885	988	1024	1122	1163	1272	1337	1467	1534	1567
895	983	1042	1086	1190	1254	1382	1458	1480	1594
905	985	1006	1113	1172	1299	1373	1404	1507	1612
915	987	1033	1095	1217	1290	1319	1431	1525	1576
845	991	1015	1140	1208	1236	1346	1449	1489	1603
855	986	1060	1131	1154	1263	1364	1413	1516	1585
865	984	1051	1077	1181	1281	1328	1440	1498	1630
835	980	1056	1142	1222	1298	1381	1464	1549	1625
865	978	993	1097	1195	1307	1345	1410	1540	1607
875	974	1011	1115	1231	1262	1327	1455	1531	1562
885	975	1029	1151	1186	1244	1372	1446	1486	1580
895	977	1065	1106	1168	1289	1363	1401	1504	1598
905	981	1020	1088	1213	1280	1318	1419	1522	1634
915	976	1002	1133	1204	1235	1336	1437	1558	1589
845	982	1047	1124	1159	1253	1354	1473	1513	1571
855	979	1038	1079	1177	1271	1390	1428	1495	1616
835	970	1050	1129	1215	1295	1370	1454	1537	1614
855	965	996	1084	1188	1304	1334	1472	1528	1596
865	973	1005	1102	1224	1259	1388	1445	1519	1560
875	967	1023	1138	1179	1313	1361	1436	1483	1569
885	971	1059	1093	1233	1286	1352	1400	1492	1587
895	966	1014	1147	1206	1277	1316	1409	1510	1623
905	972	1068	1120	1197	1241	1325	1427	1546	1578
915	969	1041	1111	1161	1250	1343	1463	1501	1632
845	968	1032	1075	1170	1268	1379	1418	1555	1605
826	836	846	856	866	876	886	896	906	916
826	993	1002	1011	1020	1029	1038	1047	1056	1065
826	1567	1576	1585	1594	1603	1612	1621	1630	1639
826	1485	1494	1503	1512	1521	1530	1539	1548	1557
826	1403	1412	1421	1430	1439	1448	1457	1466	1475
826	1321	1330	1339	1348	1357	1366	1375	1384	1393
826	1239	1248	1257	1266	1275	1284	1293	1302	1311
826	1157	1166	1175	1184	1193	1202	1211	1220	1229
826	1075	1084	1093	1102	1111	1120	1129	1138	1147
836	961	1042	1121	1207	1287	1361	1446	1529	1606
846	956	997	1148	1180	1296	1325	1464	1520	1588
856	964	1069	1094	1216	1251	1379	1437	1511	1561
866	958	1015	1130	1171	1305	1352	1428	1484	1633
876	962	1051	1085	1225	1278	1343	1401	1556	1579
886	957	1006	1139	1198	1269	1316	1473	1502	1615
896	963	1060	1112	1189	1242	1388	1419	1538	1570
906	960	1033	1103	1162	1314	1334	1455	1493	1624
916	959	1024	1076	1234	1260	1370	1410	1547	1597
836	951	1031	1115	1194	1272	1360	1433	1519	1602
916	954	995	1142	1167	1281	1396	1451	1510	1584
846	948	1058	1088	1203	1308	1378	1424	1501	1566
856	952	1004	1124	1230	1290	1351	1415	1483	1629
866	955	1040	1151	1212	1263	1342	1397	1546	1575
876	953	1067	1133	1185	1254	1324	1460	1492	1611
886	950	1049	1106	1176	1236	1387	1406	1528	1638
896	949	1022	1097	1158	1299	1333	1442	1555	1620
906	947	1013	1079	1221	1245	1369	1469	1537	1593
836	941	1027	1104	1188	1267	1345	1425	1505	1592
906	946	1000	1131	1233	1276	1381	1443	1496	1574
916	942	1054	1149	1197	1303	1363	1416	1487	1565
846	945	1072	1113	1224	1285	1336	1407	1478	1619
856	943	1036	1140	1206	1258	1327	1398	1532	1637
866	940	1063	1122	1179	1249	1318	1452	1550	1601
876	939	1045	1095	1170	1240	1372	1470	1514	1628
886	938	1018	1086	1161	1294	1390	1434	1541	1610
896	944	1009	1077	1215	1312	1354	1461	1523	1583
836	931	1017	1092	1177	1261	1340	1418	1498	1577
896	932	999	1119	1222	1270	1376	1436	1489	1631
906	935	1044	1137	1186	1297	1358	1409	1552	1559
916	933	1062	1101	1213	1279	1331	1472	1480	1604
846	930	1026	1128	1195	1252	1394	1400	1525	1622
856	937	1053	1110	1168	1315	1322	1445	1543	1586
866	929	1035	1083	1231	1243	1367	1463	1507	1613
876	934	1008	1146	1159	1288	1385	1427	1534	1595
886	936	1071	1074	1204	1306	1349	1454	1516	1568
836	921	1001	1090	1165	1250	1326	1413	1491	1571
886	925	992	1117	1210	1259	1362	1431	1554	1625
896	923	1028	1135	1174	1286	1344	1476	1545	1562
906	928	1046	1099	1201	1268	1389	1467	1482	1598
916	927	1010	1126	1183	1313	1380	1404	1518	1616
846	920	1037	1108	1228	1304	1317	1440	1536	1580
856	924	1019	1153	1219	1241	1353	1458	1500	1607
866	926	1064	1144	1156	1277	1371	1422	1527	1589
876	922	1055	1081	1192	1295	1335	1449	1509	1634
836	991	1068	1145	1227	1310	1395	1471	1558	1636
876	985	996	1100	1200	1247	1359	1417	1549	1618
886	990	1023	1118	1164	1274	1341	1462	1540	1564
896	989	1041	1082	1191	1256	1386	1453	1486	1591
906	983	1005	1109	1173	1301	1377	1399	1513	1609
916	986	1032	1091	1218	1292	1323	1426	1531	1573
846	988	1014	1136	1209	1238	1350	1444	1495	1600
856	984	1059	1127	1155	1265	1368	1408	1522	1582
866	987	1050	1073	1182	1283	1332	1435	1504	1627
836	981	1061	1141	1217	1300	1383	1468	1544	1623
866	980	998	1096	1190	1309	1347	1414	1535	1605
876	979	1016	1114	1226	1264	1329	1459	1526	1560
886	974	1034	1150	1181	1246	1374	1450	1481	1578
896	976	1070	1105	1163	1291	1365	1405	1499	1596
906	978	1025	1087	1208	1282	1320	1423	1517	1632
916	982	1007	1132	1199	1237	1338	1441	1553	1587
846	977	1052	1123	1154	1255	1356	1477	1508	1569
856	975	1043	1078	1172	1273	1392	1432	1490	1614
836	971	1048	1134	1214	1289	1373	1456	1533	1617
856	969	994	1089	1187	1298	1337	1474	1524	1599
866	965	1003	1107	1223	1253	1391	1447	1515	1563
876	966	1021	1143	1178	1307	1364	1438	1479	1572
886	968	1057	1098	1232	1280	1355	1402	1488	1590
896	972	1012	1152	1205	1271	1319	1411	1506	1626
906	967	1066	1125	1196	1235	1328	1429	1542	1581
916	973	1039	1116	1160	1244	1346	1465	1497	1635
846	970	1030	1080	1169	1262	1382	1420	1551	1608
827	837	847	857	867	877	887	897	907	917
827	994	1003	1012	1021	1030	1039	1048	1057	1066
827	1560	1569	1578	1587	1596	1605	1614	1623	1632
827	1486	1495	1504	1513	1522	1531	1540	1549	1558
827	1404	1413	1422	1431	1440	1449	1458	1467	1476
827	1322	1331	1340	1349	1358	1367	1376	1385	1394
827	1240	1249	1258	1267	1276	1285	1294	1303	1312
827	1158	1167	1176	1185	1194	1203	1212	1221	1230
827	1076	1085	1094	1103	1112	1121	1130	1139	1148
837	962	1040	1126	1206	1280	1365	1448	1525	1609
847	960	995	1153	1179	1289	1329	1466	1516	1591
857	956	1067	1099	1215	1244	1383	1439	1507	1564
867	957	1013	1135	1170	1298	1356	1430	1480	1636
877	959	1049	1090	1224	1271	1347	1403	1552	1582
887	963	1004	1144	1197	1262	1320	1475	1498	1618
897	958	1058	1117	1188	1235	1392	1421	1534	1573
907	964	1031	1108	1161	1307	1338	1457	1489	1627
917	961	1022	1081	1233	1253	1374	1412	1543	1600
837	952	1034	1113	1191	1279	1352	1438	1521	1598
917	947	998	1140	1164	1288	1388	1456	1512	1580
847	955	1061	1086	1200	1315	1370	1429	1503	1562
857	949	1007	1122	1227	1297	1343	1420	1485	1625
867	953	1043	1149	1209	1270	1334	1402	1548	1571
877	948	1070	1131	1182	1261	1316	1465	1494	1607
887	954	1052	1104	1173	1243	1379	1411	1530	1634
897	951	1025	1095	1155	1306	1325	1447	1557	1616
907	950	1016	1077	1218	1252	1361	1474	1539	1589
837	942	1023	1107	1186	1264	1344	1424	1511	1594
907	945	996	1134	1231	1273	1380	1442	1502	1576
917	939	1050	1152	1195	1300	1362	1415	1493	1567
847	943	1068	1116	1222	1282	1335	1406	1484	1621
857	946	1032	1143	1204	1255	1326	1397	1538	1639
867	944	1059	1125	1177	1246	1317	1451	1556	1603
877	941	1041	1098	1168	1237	1371	1469	1520	1630
887	940	1014	1089	1159	1291	1389	1433	1547	1612
897	938	1005	1080	1213	1309	1353	1460	1529	1585
837	932	1011	1096	1180	1259	1337	1417	1496	1584
897	937	993	1123	1225	1268	1373	1435	1487	1638
907	933	1038	1141	1189	1295	1355	1408	1550	1566
917	936	1056	1105	1216	1277	1328	1471	1478	1611
847	934	1020	1132	1198	1250	1391	1399	1523	1629
857	931	1047	1114	1171	1313	1319	1444	1541	1593
867	930	1029	1087	1234	1241	1364	1462	1505	1620
877	929	1002	1150	1162	1286	1382	1426	1532	1602
887	935	1065	1078	1207	1304	1346	1453	1514	1575
837	922	1009	1084	1169	1245	1332	1410	1490	1568
887	923	1000	1111	1214	1254	1368	1428	1553	1622
897	926	1036	1129	1178	1281	1350	1473	1544	1559
907	924	1054	1093	1205	1263	1395	1464	1481	1595
917	921	1018	1120	1187	1308	1386	1401	1517	1613
847	928	1045	1102	1232	1299	1323	1437	1535	1577
857	920	1027	1147	1223	1236	1359	1455	1499	1604
867	925	1072	1138	1160	1272	1377	1419	1526	1586
877	927	1063	1075	1196	1290	1341	1446	1508	1631
837	984	1064	1146	1229	1314	1390	1477	1555	1635
877	988	992	1101	1202	1251	1354	1423	1546	1617
887	986	1019	1119	1166	1278	1336	1468	1537	1563
897	991	1037	1083	1193	1260	1381	1459	1483	1590
907	990	1001	1110	1175	1305	1372	1405	1510	1608
917	983	1028	1092	1220	1296	1318	1432	1528	1572
847	987	1010	1137	1211	1242	1345	1450	1492	1599
857	989	1055	1128	1157	1269	1363	1414	1519	1581
867	985	1046	1074	1184	1287	1327	1441	1501	1626
837	982	1060	1136	1219	1302	1387	1463	1542	1628
867	976	997	1091	1192	1311	1351	1409	1533	1610
877	981	1015	1109	1228	1266	1333	1454	1524	1565
887	980	1033	1145	1183	1248	1378	1445	1479	1583
897	974	1069	1100	1165	1293	1369	1400	1497	1601
907	977	1024	1082	1210	1284	1324	1418	1515	1637
917	979	1006	1127	1201	1239	1342	1436	1551	1592
847	975	1051	1118	1156	1257	1360	1472	1506	1574
857	978	1042	1073	1174	1275	1396	1427	1488	1619
837	972	1053	1133	1208	1292	1375	1452	1536	1615
857	971	999	1088	1181	1301	1339	1470	1527	1597
867	970	1008	1106	1217	1256	1393	1443	1518	1561
877	965	1026	1142	1172	1310	1366	1434	1482	1570
887	967	1062	1097	1226	1283	1357	1398	1491	1588
897	969	1017	1151	1199	1274	1321	1407	1509	1624
907	973	1071	1124	1190	1238	1330	1425	1545	1579
917	968	1044	1115	1154	1247	1348	1461	1500	1633
847	966	1035	1079	1163	1265	1384	1416	1554	1606
828	838	848	858	868	878	888	898	908	918
828	995	1004	1013	1022	1031	1040	1049	1058	1067
828	1561	1570	1579	1588	1597	1606	1615	1624	1633
828	1479	1488	1497	1506	1515	1524	1533	1542	1551
828	1405	1414	1423	1432	1441	1450	1459	1468	1477
828	1323	1332	1341	1350	1359	1368	1377	1386	1395
828	1241	1250	1259	1268	1277	1286	1295	1304	1313
828	1159	1168	1177	1186	1195	1204	1213	1222	1231
828	1077	1086	1095	1104	1113	1122	1131	1140	1149
838	963	1045	1125	1199	1284	1367	1444	1528	1607
848	962	1000	1152	1172	1293	1331	1462	1519	1589
858	961	1072	1098	1208	1248	1385	1435	1510	1562
868	956	1018	1134	1163	1302	1358	1426	1483	1634
878	958	1054	1089	1217	1275	1349	1399	1555	1580
888	960	1009	1143	1190	1266	1322	1471	1501	1616
898	964	1063	1116	1181	1239	1394	1417	1537	1571
908	959	1036	1107	1154	1311	1340	1453	1492	1625
918	957	1027	1080	1226	1257	1376	1408	1546	1598
838	953	1032	1110	1198	1271	1357	1440	1517	1601
918	951	996	1137	1171	1280	1393	1458	1508	1583
848	947	1059	1083	1207	1307	1375	1431	1499	1565
858	948	1005	1119	1234	1289	1348	1422	1481	1628
868	950	1041	1146	1216	1262	1339	1404	1544	1574
878	954	1068	1128	1189	1253	1321	1467	1490	1610
888	949	1050	1101	1180	1235	1384	1413	1526	1637
898	955	1023	1092	1162	1298	1330	1449	1553	1619
908	952	1014	1074	1225	1244	1366	1476	1535	1592
838	943	1026	1105	1183	1263	1343	1430	1513	1590
908	938	999	1132	1228	1272	1379	1448	1504	1572
918	946	1053	1150	1192	1299	1361	1421	1495	1563
848	940	1071	1114	1219	1281	1334	1412	1486	1617
858	944	1035	1141	1201	1254	1325	1403	1540	1635
868	939	1062	1123	1174	1245	1316	1457	1558	1599
878	945	1044	1096	1165	1236	1370	1475	1522	1626
888	942	1017	1087	1156	1290	1388	1439	1549	1608
898	941	1008	1078	1210	1308	1352	1466	1531	1581
838	933	1015	1099	1178	1256	1336	1415	1503	1578
898	936	997	1126	1223	1265	1372	1433	1494	1632
908	930	1042	1144	1187	1292	1354	1406	1557	1560
918	934	1060	1108	1214	1274	1327	1469	1485	1605
848	937	1024	1135	1196	1247	1390	1397	1530	1623
858	935	1051	1117	1169	1310	1318	1442	1548	1587
868	932	1033	1090	1232	1238	1363	1460	1512	1614
878	931	1006	1153	1160	1283	1381	1424	1539	1596
888	929	1069	1081	1205	1301	1345	1451	1521	1569
838	923	1003	1088	1164	1251	1329	1409	1487	1576
888	928	994	1115	1209	1260	1365	1427	1550	1630
898	924	1030	1133	1173	1287	1347	1472	1541	1567
908	927	1048	1097	1200	1269	1392	1463	1478	1603
918	925	1012	1124	1182	1314	1383	1400	1514	1621
848	922	1039	1106	1227	1305	1320	1436	1532	1585
858	921	1021	1151	1218	1242	1356	1454	1496	1612
868	920	1066	1142	1155	1278	1374	1418	1523	1594
878	926	1057	1079	1191	1296	1338	1445	1505	1639
838	985	1065	1148	1233	1309	1396	1474	1554	1631
878	986	993	1103	1206	1246	1360	1420	1545	1613
888	989	1020	1121	1170	1273	1342	1465	1536	1559
898	987	1038	1085	1197	1255	1387	1456	1482	1586
908	984	1002	1112	1179	1300	1378	1402	1509	1604
918	991	1029	1094	1224	1291	1324	1429	1527	1568
848	983	1011	1139	1215	1237	1351	1447	1491	1595
858	988	1056	1130	1161	1264	1369	1411	1518	1577
868	990	1047	1076	1188	1282	1333	1438	1500	1622
838	975	1055	1138	1221	1306	1382	1461	1547	1627
868	979	992	1093	1194	1315	1346	1407	1538	1609
878	977	1010	1111	1230	1270	1328	1452	1529	1564
888	982	1028	1147	1185	1252	1373	1443	1484	1582
898	981	1064	1102	1167	1297	1364	1398	1502	1600
908	974	1019	1084	1212	1288	1319	1416	1520	1636
918	978	1001	1129	1203	1243	1337	1434	1556	1591
848	980	1046	1120	1158	1261	1355	1470	1511	1573
858	976	1037	1075	1176	1279	1391	1425	1493	1618
838	973	1052	1127	1211	1294	1371	1455	1534	1620
858	967	998	1082	1184	1303	1335	1473	1525	1602
868	972	1007	1100	1220	1258	1389	1446	1516	1566
878	971	1025	1136	1175	1312	1362	1437	1480	1575
888	965	1061	1091	1229	1285	1353	1401	1489	1593
898	968	1016	1145	1202	1276	1317	1410	1507	1629
908	970	1070	1118	1193	1240	1326	1428	1543	1584
918	966	1043	1109	1157	1249	1344	1464	1498	1638
848	969	1034	1073	1166	1267	1380	1419	1552	1611
829	839	849	859	869	879	889	899	909	919
829	996	1005	1014	1023	1032	1041	1050	1059	1068
829	1562	1571	1580	1589	1598	1607	1616	1625	1634
829	1480	1489	1498	1507	1516	1525	1534	1543	1552
829	1398	1407	1416	1425	1434	1443	1452	1461	1470
829	1324	1333	1342	1351	1360	1369	1378	1387	1396
829	1242	1251	1260	1269	1278	1287	1296	1305	1314
829	1160	1169	1178	1187	1196	1205	1214	1223	1232
829	1078	1087	1096	1105	1114	1123	1132	1141	1150
839	964	1044	1118	1203	1286	1363	1447	1526	1612
849	958	999	1145	1176	1295	1327	1465	1517	1594
859	963	1071	1091	1212	1250	1381	1438	1508	1567
869	962	1017	1127	1167	1304	1354	1429	1481	1639
879	956	1053	1082	1221	1277	1345	1402	1553	1585
889	959	1008	1136	1194	1268	1318	1474	1499	1621
899	961	1062	1109	1185	1241	1390	1420	1535	1576
909	957	1035	1100	1158	1313	1336	1456	1490	1630
919	960	1026	1073	1230	1259	1372	1411	1544	1603
839	954	1029	1117	1190	1276	1359	1436	1520	1599
919	953	993	1144	1163	1285	1395	1454	1511	1581
849	952	1056	1090	1199	1312	1377	1427	1502	1563
859	947	1002	1126	1226	1294	1350	1418	1484	1626
869	949	1038	1153	1208	1267	1341	1400	1547	1572
879	951	1065	1135	1181	1258	1323	1463	1493	1608
889	955	1047	1108	1172	1240	1386	1409	1529	1635
899	950	1020	1099	1154	1303	1332	1445	1556	1617
909	948	1011	1081	1217	1249	1368	1472	1538	1590
839	944	1024	1102	1182	1262	1349	1432	1509	1593
909	942	997	1129	1227	1271	1385	1450	1500	1575
919	938	1051	1147	1191	1298	1367	1423	1491	1566
849	939	1069	1111	1218	1280	1340	1414	1482	1620
859	941	1033	1138	1200	1253	1331	1405	1536	1638
869	945	1060	1120	1173	1244	1322	1459	1554	1602
879	940	1042	1093	1164	1235	1376	1477	1518	1629
889	946	1015	1084	1155	1289	1394	1441	1545	1611
899	943	1006	1075	1209	1307	1358	1468	1527	1584
839	934	1018	1097	1175	1255	1334	1422	1497	1582
899	929	1000	1124	1220	1264	1370	1440	1488	1636
909	937	1045	1142	1184	1291	1352	1413	1551	1564
919	931	1063	1106	1211	1273	1325	1476	1479	1609
849	935	1027	1133	1193	1246	1388	1404	1524	1627
859	930	1054	1115	1166	1309	1316	1449	1542	1591
869	936	1036	1088	1229	1237	1361	1467	1506	1618
879	933	1009	1151	1157	1282	1379	1431	1533	1600
889	932	1072	1079	1202	1300	1343	1458	1515	1573
839	924	1007	1083	1170	1248	1328	1406	1495	1570
889	927	998	1110	1215	1257	1364	1424	1558	1624
899	921	1034	1128	1179	1284	1346	1469	1549	1561
909	925	1052	1092	1206	1266	1391	1460	1486	1597
919	928	1016	1119	1188	1311	1382	1397	1522	1615
849	926	1043	1101	1233	1302	1319	1433	1540	1579
859	923	1025	1146	1224	1239	1355	1451	1504	1606
869	922	1070	1137	1161	1275	1373	1415	1531	1588
879	920	1061	1074	1197	1293	1337	1442	1513	1633
839	986	1067	1152	1228	1315	1393	1473	1550	1632
879	991	995	1107	1201	1252	1357	1419	1541	1614
889	987	1022	1125	1165	1279	1339	1464	1532	1560
899	990	1040	1089	1192	1261	1384	1455	1478	1587
909	988	1004	1116	1174	1306	1375	1401	1505	1605
919	985	1031	1098	1219	1297	1321	1428	1523	1569
849	984	1013	1143	1210	1243	1348	1446	1487	1596
859	983	1058	1134	1156	1270	1366	1410	1514	1578
869	989	1049	1080	1183	1288	1330	1437	1496	1623
839	976	1057	1140	1225	1301	1380	1466	1546	1622
869	977	994	1095	1198	1310	1344	1412	1537	1604
879	980	1012	1113	1234	1265	1326	1457	1528	1559
889	978	1030	1149	1189	1247	1371	1448	1483	1577
899	975	1066	1104	1171	1292	1362	1403	1501	1595
909	982	1021	1086	1216	1283	1317	1421	1519	1631
919	974	1003	1131	1207	1238	1335	1439	1555	1586
849	979	1048	1122	1162	1256	1353	1475	1510	1568
859	981	1039	1077	1180	1274	1389	1430	1492	1613
839	966	1046	1130	1213	1290	1374	1453	1539	1619
859	970	992	1085	1186	1299	1338	1471	1530	1601
869	968	1001	1103	1222	1254	1392	1444	1521	1565
879	973	1019	1139	1177	1308	1365	1435	1485	1574
889	972	1055	1094	1231	1281	1356	1399	1494	1592
899	965	1010	1148	1204	1272	1320	1408	1512	1628
909	969	1064	1121	1195	1236	1329	1426	1548	1583
919	971	1037	1112	1159	1245	1347	1462	1503	1637
849	967	1028	1076	1168	1263	1383	1417	1557	1610
0	10	11	12	13	14	15	16	17	18
0	91	92	93	94	95	96	97	98	99
0	172	173	174	175	176	177	178	179	180
0	253	254	255	256	257	258	259	260	261
0	334	335	336	337	338	339	340	341	342
0	415	416	417	418	419	420	421	422	423
0	496	497	498	499	500	501	502	503	504
0	577	578	579	580	581	582	583	584	585
0	658	659	660	661	662	663	664	665	666
0	739	740	741	742	743	744	745	746	747
1	10	19	28	37	46	55	64	73	82
1	91	100	109	118	127	136	145	154	163
1	172	181	190	199	208	217	226	235	244
1	253	262	271	280	289	298	307	316	325
1	334	343	352	361	370	379	388	397	406
1	415	424	433	442	451	460	469	478	487
1	496	505	514	523	532	541	550	559	568
1	577	586	595	604	613	622	631	640	649
1	658	667	676	685	694	703	712	721	730
1	739	748	757	766	775	784	793	802	811
2	10	20	30	40	50	60	70	80	90
2	91	101	111	121	131	141	151	161	171
2	172	182	192	202	212	222	232	242	252
2	253	263	273	283	293	303	313	323	333
2	334	344	354	364	374	384	394	404	414
2	415	425	435	445	455	465	475	485	495
2	496	506	516	526	536	546	556	566	576
2	577	587	597	607	617	627	637	647	657
2	658	668	678	688	698	708	718	728	738
2	739	749	759	769	779	789	799	809	819
3	10	21	31	41	51	61	71	81	83
3	91	102	112	122	132	142	152	162	164
3	172	183	193	203	213	223	233	243	245
3	253	264	274	284	294	304	314	324	326
3	334	345	355	365	375	385	395	405	407
3	415	426	436	446	456	466	476	486	488
3	496	507	517	527	537	547	557	567	569
3	577	588	598	608	618	628	638	648	650
3	658	669	679	689	699	709	719	729	731
3	739	750	760	770	780	790	800	810	812
4	10	22	32	42	52	62	72	74	84
4	91	103	113	123	133	143	153	155	165
4	172	184	194	204	214	224	234	236	246
4	253	265	275	285	295	305	315	317	327
4	334	346	356	366	376	386	396	398	408
4	415	427	437	447	457	467	477	479	489
4	496	508	518	528	538	548	558	560	570
4	577	589	599	609	619	629	639	641	651
4	658	670	680	690	700	710	720	722	732
4	739	751	761	771	781	791	801	803	813
5	10	23	33	43	53	63	65	75	85
5	91	104	114	124	134	144	146	156	166
5	172	185	195	205	215	225	227	237	247
5	253	266	276	286	296	306	308	318	328
5	334	347	357	367	377	387	389	399	409
5	415	428	438	448	458	468	470	480	490
5	496	509	519	529	539	549	551	561	571
5	577	590	600	610	620	630	632	642	652
5	658	671	681	691	701	711	713	723	733
5	739	752	762	772	782	792	794	804	814
6	10	24	34	44	54	56	66	76	86
6	91	105	115	125	135	137	147	157	167
6	172	186	196	206	216	218	228	238	248
6	253	267	277	287	297	299	309	319	329
6	334	348	358	368	378	380	390	400	410
6	415	429	439	449	459	461	471	481	491
6	496	510	520	530	540	542	552	562	572
6	577	591	601	611	621	623	633	643	653
6	658	672	682	692	702	704	714	724	734
6	739	753	763	773	783	785	795	805	815
7	10	25	35	45	47	57	67	77	87
7	91	106	116	126	128	138	148	158	168
7	172	187	197	207	209	219	229	239	249
7	253	268	278	288	290	300	310	320	330
7	334	349	359	369	371	381	391	401	411
7	415	430	440	450	452	462	472	482	492
7	496	511	521	531	533	543	553	563	573
7	577	592	602	612	614	624	634	644	654
7	658	673	683	693	695	705	715	725	735
7	739	754	764	774	776	786	796	806	816
8	10	26	36	38	48	58	68	78	88
8	91	107	117	119	129	139	149	159	169
8	172	188	198	200	210	220	230	240	250
8	253	269	279	281	291	301	311	321	331
8	334	350	360	362	372	382	392	402	412
8	415	431	441	443	453	463	473	483	493
8	496	512	522	524	534	544	554	564	574
8	577	593	603	605	615	625	635	645	655
8	658	674	684	686	696	706	716	726	736
8	739	755	765	767	777	787	797	807	817
9	10	27	29	39	49	59	69	79	89
9	91	108	110	120	130	140	150	160	170
9	172	189	191	201	211	221	231	241	251
9	253	270	272	282	292	302	312	322	332
9	334	351	353	363	373	383	393	403	413
9	415	432	434	444	454	464	474	484	494
9	496	513	515	525	535	545	555	565	575
9	577	594	596	606	616	626	636	646	656
9	658	675	677	687	697	707	717	727	737
9	739	756	758	768	778	788	798	808	818
11	136	218	300	382	464	546	628	710	792
11	137	222	301	387	467	541	626	709	786
11	138	220	304	383	461	549	622	708	791
11	139	225	302	386	465	543	623	703	790
11	140	224	299	384	468	547	625	705	784
11	141	217	306	381	466	542	629	707	787
11	142	221	298	380	463	548	624	711	789
11	143	223	303	379	462	545	630	706	785
11	144	219	305	385	460	544	627	704	788
12	127	210	292	374	456	538	620	702	776
12	128	211	297	377	451	536	619	696	780
12	129	214	293	371	459	532	618	701	778
12	130	212	296	375	453	533	613	700	783
12	131	209	294	378	457	535	615	694	782
12	132	216	291	376	452	539	617	697	775
12	133	208	290	373	458	534	621	699	779
12	134	213	289	372	455	540	616	695	781
12	135	215	295	370	454	537	614	698	777
13	118	202	284	366	448	530	612	686	768
13	119	207	287	361	446	529	606	690	769
13	120	203	281	369	442	528	611	688	772
13	121	206	285	363	443	523	610	693	770
13	122	204	288	367	445	525	604	692	767
13	123	201	286	362	449	527	607	685	774
13	124	200	283	368	444	531	609	689	766
13	125	199	282	365	450	526	605	691	771
13	126	205	280	364	447	524	608	687	773
14	109	194	276	358	440	522	596	678	760
14	110	197	271	356	439	516	600	679	765
14	111	191	279	352	438	521	598	682	761
14	112	195	273	353	433	520	603	680	764
14	113	198	277	355	435	514	602	677	762
14	114	196	272	359	437	517	595	684	759
14	115	193	278	354	441	519	599	676	758
14	116	192	275	360	436	515	601	681	757
14	117	190	274	357	434	518	597	683	763
15	100	186	268	350	432	506	588	670	752
15	101	181	266	349	426	510	589	675	755
15	102	189	262	348	431	508	592	671	749
15	103	183	263	343	430	513	590	674	753
15	104	187	265	345	424	512	587	672	756
15	105	182	269	347	427	505	594	669	754
15	106	188	264	351	429	509	586	668	751
15	107	185	270	346	425	511	591	667	750
15	108	184	267	344	428	507	593	673	748
16	163	250	332	414	488	570	652	734	816
16	164	248	331	408	492	571	657	737	811
16	165	244	330	413	490	574	653	731	819
16	166	245	325	412	495	572	656	735	813
16	167	247	327	406	494	569	654	738	817
16	168	251	329	409	487	576	651	736	812
16	169	246	333	411	491	568	650	733	818
16	170	252	328	407	493	573	649	732	815
16	171	249	326	410	489	575	655	730	814
17	154	242	324	398	480	562	644	726	808
17	155	241	318	402	481	567	647	721	806
17	156	240	323	400	484	563	641	729	802
17	157	235	322	405	482	566	645	723	803
17	158	237	316	404	479	564	648	727	805
17	159	239	319	397	486	561	646	722	809
17	160	243	321	401	478	560	643	728	804
17	161	238	317	403	483	559	642	725	810
17	162	236	320	399	485	565	640	724	807
18	145	234	308	390	472	554	636	718	800
18	146	228	312	391	477	557	631	716	799
18	147	233	310	394	473	551	639	712	798
18	148	232	315	392	476	555	633	713	793
18	149	226	314	389	474	558	637	715	795
18	150	229	307	396	471	556	632	719	797
18	151	231	311	388	470	553	638	714	801
18	152	227	313	393	469	552	635	720	796
18	153	230	309	395	475	550	634	717	794
19	92	182	272	362	452	542	632	722	812
19	101	218	281	407	479	497	614	713	758
19	110	200	308	371	425	569	578	704	803
19	119	245	290	398	461	515	587	659	794
19	128	236	263	380	488	551	605	677	740
19	137	173	326	353	470	506	641	695	767
19	146	209	254	344	443	560	596	731	785
19	155	227	299	335	434	533	650	686	749
19	164	191	317	389	416	524	623	668	776
20	92	186	274	369	458	541	635	727	813
20	105	217	288	408	484	497	620	716	760
20	112	207	311	377	429	570	578	703	808
20	126	246	296	403	460	517	591	659	797
20	134	241	267	379	489	554	612	679	740
20	136	173	327	355	473	510	646	701	774
20	149	215	254	348	450	565	598	732	784
20	160	230	298	335	436	539	651	693	753
20	165	193	322	392	416	531	622	672	782
21	92	184	279	368	451	545	637	723	816
21	103	221	287	411	480	497	613	718	765
21	117	206	313	370	427	573	578	707	804
21	125	249	289	399	464	522	589	659	799
21	127	237	265	383	492	556	611	684	740
21	140	173	330	360	475	508	642	694	773
21	151	208	254	346	449	561	603	735	788
21	156	232	302	335	441	532	654	692	751
21	168	198	318	394	416	530	626	670	775
22	92	189	278	361	455	547	633	726	814
22	108	223	280	409	483	497	617	714	764
22	116	199	309	374	432	571	578	709	807
22	118	247	293	402	466	521	594	659	795
22	131	240	270	385	490	552	604	683	740
22	142	173	328	359	471	513	645	698	766
22	147	212	254	351	442	564	602	733	790
22	159	228	304	335	440	536	652	685	756
22	166	197	321	390	416	523	628	675	779
23	92	188	271	365	457	543	636	724	819
23	107	219	284	414	481	497	619	717	757
23	109	203	312	376	431	576	578	705	805
23	122	252	295	400	462	514	593	659	798
23	133	238	269	381	495	555	608	676	740
23	138	173	333	352	474	512	643	700	770
23	150	214	254	350	446	562	595	738	786
23	157	231	300	335	433	538	657	689	755
23	171	190	319	393	416	527	624	674	781
24	92	181	275	367	453	546	634	729	818
24	100	222	286	413	486	497	615	715	761
24	113	205	310	372	424	575	578	708	810
24	124	251	291	405	465	518	586	659	796
24	129	243	262	384	494	553	610	680	740
24	141	173	332	356	472	505	648	696	772
24	148	210	254	343	448	567	599	737	789
24	162	229	303	335	437	534	656	691	748
24	170	194	324	391	416	529	627	667	777
25	92	185	277	363	456	544	639	728	811
25	104	220	282	406	485	497	618	720	763
25	115	201	315	375	428	568	578	706	809
25	120	244	294	404	463	520	590	659	801
25	132	242	266	382	487	558	606	682	740
25	139	173	325	358	477	509	647	699	768
25	153	213	254	347	444	566	601	730	787
25	161	234	301	335	439	537	649	687	752
25	163	196	323	396	416	525	625	671	780
26	92	187	273	366	454	549	638	721	815
26	106	225	285	410	478	497	616	719	759
26	111	204	314	373	430	572	578	711	802
26	123	248	292	397	468	516	592	659	800
26	130	235	268	387	491	557	609	678	740
26	144	173	329	354	476	511	640	697	771
26	152	211	254	349	447	559	597	734	792
26	154	233	306	335	435	535	653	690	754
26	167	192	316	395	416	528	630	673	778
27	92	183	276	364	459	548	631	725	817
27	102	224	283	412	482	497	621	712	762
27	114	202	307	378	426	574	578	710	806
27	121	250	297	401	467	519	588	659	793
27	135	239	264	386	493	550	607	681	740
27	143	173	331	357	469	507	644	702	769
27	145	216	254	345	445	563	600	736	791
27	158	226	305	335	438	540	655	688	750
27	169	195	320	388	416	526	629	669	783
28	99	198	288	378	468	558	648	738	756
28	108	207	333	405	423	540	639	684	792
28	117	234	297	351	495	504	630	729	774
28	126	216	324	387	441	513	585	720	819
28	135	189	306	414	477	531	603	666	810
28	144	252	279	396	432	567	621	693	747
28	153	180	270	369	486	522	657	711	783
28	162	225	261	360	459	576	612	675	801
28	171	243	315	342	450	549	594	702	765
29	99	192	287	376	460	553	645	731	752
29	104	206	326	402	423	538	634	678	784
29	111	229	295	347	488	504	622	726	773
29	125	214	321	379	435	509	585	715	812
29	133	185	298	407	472	530	597	666	807
29	136	245	273	391	428	564	619	692	747
29	148	180	266	368	483	516	650	703	781
29	159	217	261	354	457	569	611	671	796
29	164	240	310	342	449	541	590	700	759
30	99	197	286	370	463	555	641	734	750
30	102	205	329	398	423	532	636	683	787
30	116	231	289	345	491	504	625	722	772
30	124	208	317	382	440	507	585	717	815
30	127	183	301	410	474	529	602	666	803
30	139	248	278	393	426	560	613	691	747
30	150	180	264	367	479	521	653	706	775
30	155	220	261	359	451	572	610	669	798
30	167	236	312	342	448	544	588	694	764
31	99	196	280	373	465	551	644	732	755
31	107	199	327	401	423	535	632	682	789
31	115	227	292	350	489	504	627	725	766
31	118	211	320	384	439	512	585	713	813
31	130	188	303	408	470	523	601	666	806
31	141	246	277	389	431	563	616	685	747
31	146	180	269	361	482	520	651	708	778
31	158	222	261	358	454	570	604	674	794
31	165	239	308	342	442	546	593	697	763
32	99	190	283	375	461	554	642	737	754
32	106	202	332	399	423	537	635	676	785
32	109	230	294	349	494	504	623	723	769
32	121	213	318	380	433	511	585	716	818
32	132	187	299	413	473	526	595	666	804
32	137	251	271	392	430	561	618	688	747
32	149	180	268	364	480	514	656	704	780
32	156	218	261	352	456	575	607	673	797
32	170	237	311	342	445	542	592	699	757
33	99	193	285	371	464	552	647	736	748
33	100	204	331	404	423	533	633	679	788
33	112	228	290	343	493	504	626	728	771
33	123	209	323	383	436	505	585	714	817
33	128	181	302	412	471	528	598	666	809
33	140	250	274	390	424	566	614	690	747
33	147	180	262	366	485	517	655	707	776
33	161	221	261	355	452	574	609	667	795
33	169	242	309	342	447	545	586	695	760
34	99	195	281	374	462	557	646	730	751
34	103	200	325	403	423	536	638	681	786
34	114	233	293	346	487	504	624	727	767
34	119	212	322	381	438	508	585	719	811
34	131	184	300	406	476	524	600	666	808
34	138	244	276	395	427	565	617	686	747
34	152	180	265	362	484	519	649	705	779
34	160	219	261	357	455	568	605	670	800
34	163	241	314	342	443	543	589	698	762
35	99	191	284	372	467	556	640	733	753
35	105	203	328	397	423	534	637	677	791
35	110	232	291	348	490	504	629	721	770
35	122	210	316	386	434	510	585	718	814
35	129	186	305	409	475	527	596	666	802
35	143	247	272	394	429	559	615	689	747
35	151	180	267	365	478	515	652	710	777
35	154	224	261	353	453	571	608	672	799
35	166	235	313	342	446	548	591	696	758
36	99	194	282	377	466	550	643	735	749
36	101	201	330	400	423	539	631	680	790
36	113	226	296	344	492	504	628	724	768
36	120	215	319	385	437	506	585	712	816
36	134	182	304	411	469	525	599	666	805
36	142	249	275	388	425	562	620	687	747
36	145	180	263	363	481	518	654	709	782
36	157	223	261	356	458	573	606	668	793
36	168	238	307	342	444	547	587	701	761
37	98	206	296	386	476	566	656	674	764
37	107	251	323	341	458	557	602	710	773
37	116	215	269	413	422	548	647	692	800
37	125	242	305	359	431	503	638	737	782
37	134	224	332	395	449	521	584	728	755
37	143	197	314	350	485	539	611	665	818
37	152	188	287	404	440	575	629	701	746
37	161	179	278	377	494	530	593	719	791
37	170	233	260	368	467	512	620	683	809
38	98	205	294	379	471	563	657	670	758
38	103	252	320	341	456	552	596	703	772
38	110	213	265	414	422	541	644	691	795
38	124	239	298	353	427	503	633	738	780
38	132	217	333	390	448	515	584	725	751
38	136	191	309	346	482	537	610	665	819
38	147	184	286	401	434	576	622	699	746
38	158	179	272	375	495	529	589	714	784
38	171	228	260	367	460	508	618	677	806
39	98	204	289	381	473	567	652	668	763
39	101	247	324	341	451	554	601	705	771
39	115	208	263	409	422	543	648	690	797
39	123	243	300	358	425	503	635	733	775
39	127	219	328	392	447	520	584	729	749
39	138	196	311	344	486	532	609	665	814
39	149	182	285	405	439	571	624	694	746
39	162	179	277	370	490	528	587	716	786
39	166	230	260	366	462	506	613	682	810
40	98	199	291	383	477	562	650	673	762
40	106	245	319	341	453	558	600	707	766
40	114	210	268	407	422	545	643	685	801
40	118	238	302	357	430	503	639	731	777
40	129	221	326	396	442	519	584	724	754
40	140	195	315	349	481	534	604	665	812
40	153	187	280	400	438	569	626	696	746
40	157	179	276	372	488	523	592	720	788
40	164	234	260	361	464	511	615	681	805
41	98	201	293	387	472	560	655	672	757
41	105	250	317	341	455	553	595	711	768
41	109	212	267	412	422	549	641	687	796
41	120	236	306	352	429	503	634	736	779
41	131	225	331	391	444	514	584	722	753
41	144	190	310	348	479	536	606	665	817
41	148	186	282	398	433	574	630	698	746
41	155	179	271	374	493	525	591	715	792
41	169	229	260	363	468	510	617	676	803
42	98	203	297	382	470	565	654	667	759
42	100	249	322	341	459	551	597	706	770
42	111	216	262	411	422	544	646	689	794
42	122	241	301	354	424	503	632	735	783
42	135	220	330	389	446	516	584	727	748
42	139	192	308	343	484	540	608	665	816
42	146	181	284	403	435	573	625	702	746
42	160	179	273	378	492	527	586	713	787
42	168	227	260	365	463	505	621	678	808
43	98	207	292	380	475	564	649	669	761
43	102	244	321	341	454	556	599	704	774
43	113	211	264	406	422	542	645	693	799
43	126	240	299	356	426	503	637	730	778
43	130	218	325	394	450	518	584	726	750
43	137	194	313	345	483	535	612	665	811
43	151	183	288	402	437	568	623	697	746
43	159	179	275	373	487	531	588	718	785
43	163	232	260	369	461	507	616	680	807
44	98	202	290	385	474	559	651	671	765
44	104	246	316	341	452	555	603	709	769
44	117	209	266	408	422	547	640	688	798
44	121	235	304	360	428	503	636	732	776
44	128	223	327	393	445	522	584	721	752
44	142	198	312	347	478	533	607	665	813
44	150	185	283	397	441	570	628	695	746
44	154	179	279	371	489	526	590	717	790
44	165	231	260	364	466	509	614	684	802
45	98	200	295	384	469	561	653	675	760
45	108	248	318	341	457	550	598	708	767
45	112	214	270	410	422	546	642	686	793
45	119	237	303	355	432	503	631	734	781
45	133	222	329	388	443	517	584	723	756
45	141	193	307	351	480	538	605	665	815
45	145	189	281	399	436	572	627	700	746
45	156	179	274	376	491	524	594	712	789
45	167	226	260	362	465	513	619	679	804
46	97	214	304	394	484	574	592	682	772
46	106	241	259	376	475	520	628	691	817
46	115	187	331	340	466	565	610	718	781
46	124	223	277	349	421	556	655	700	808
46	133	250	313	367	439	502	646	673	790
46	142	232	268	403	457	529	583	736	763
46	151	205	322	358	493	547	619	664	754
46	160	196	295	412	448	511	637	709	745
46	169	178	286	385	430	538	601	727	799
47	97	212	298	389	481	575	588	684	771
47	102	238	259	374	470	522	622	690	818
47	117	183	332	340	460	562	609	713	779
47	123	217	279	345	421	551	656	698	805
47	131	251	308	366	441	502	643	669	784
47	136	227	264	400	455	528	583	737	765
47	146	204	319	360	494	541	617	664	750
47	157	198	293	413	447	507	632	703	745
47	170	178	285	379	426	536	603	724	794
48	97	208	299	391	485	570	594	681	770
48	108	242	259	370	472	519	623	689	813
48	114	189	327	340	461	566	608	715	775
48	122	218	276	351	421	553	651	694	809
48	127	246	310	365	438	502	647	675	785
48	137	229	270	404	451	527	583	732	762
48	148	203	323	357	489	542	613	664	756
48	161	195	289	408	446	513	634	704	745
48	165	178	284	380	432	532	600	728	796
49	97	209	301	395	480	576	591	680	766
49	105	237	259	371	476	518	625	685	819
49	113	186	333	340	463	561	604	719	776
49	118	220	275	348	421	557	657	695	804
49	128	252	314	361	437	502	642	672	787
49	139	233	267	399	452	523	583	738	761
49	152	199	318	356	495	544	614	664	753
49	156	194	290	414	442	510	638	706	745
49	171	178	280	382	429	533	599	723	800
50	97	211	305	390	486	573	590	676	767
50	104	243	259	373	471	514	629	686	816
50	109	185	330	340	467	567	605	714	778
50	119	224	271	347	421	552	654	697	810
50	130	249	309	362	433	502	648	671	791
50	143	228	266	405	454	524	583	735	757
50	147	200	324	352	492	548	616	664	752
50	162	190	292	411	443	509	633	710	745
50	168	178	281	386	428	535	595	729	795
51	97	215	300	396	483	572	586	677	769
51	100	240	259	377	477	515	624	688	815
51	110	181	329	340	462	564	607	720	782
51	121	219	272	343	421	558	653	701	807
51	134	248	315	364	434	502	645	667	786
51	138	234	262	402	458	526	583	734	758
51	153	202	321	353	491	543	620	664	748
51	159	191	296	410	445	505	639	705	745
51	167	178	283	381	424	539	596	726	801
52	97	210	306	393	482	568	587	679	773
52	101	239	259	372	474	517	630	692	811
52	112	182	325	340	468	563	611	717	777
52	125	225	274	344	421	555	649	696	806
52	129	244	312	368	436	502	644	668	792
52	144	231	263	401	453	530	583	730	760
52	150	206	320	355	487	549	615	664	749
52	158	193	291	406	449	506	636	711	745
52	163	178	287	387	425	534	598	725	798
53	97	216	303	392	478	569	589	683	768
53	103	235	259	378	473	521	627	687	812
53	116	184	326	340	465	559	606	716	783
53	120	222	278	346	421	554	650	702	802
53	135	245	311	363	440	502	640	670	789
53	141	230	265	397	459	525	583	731	764
53	149	201	316	359	488	546	621	664	751
53	154	197	297	407	444	508	635	708	745
53	164	178	282	384	427	540	602	721	797
54	97	213	302	388	479	571	593	678	774
54	107	236	259	375	469	516	626	693	814
54	111	188	328	340	464	560	612	712	780
54	126	221	273	350	421	550	652	699	803
54	132	247	307	369	435	502	641	674	788
54	140	226	269	398	456	531	583	733	759
54	145	207	317	354	490	545	618	664	755
54	155	192	294	409	450	512	631	707	745
54	166	178	288	383	431	537	597	722	793
55	96	222	312	402	492	510	600	690	780
55	105	177	294	393	438	546	609	735	807
55	114	249	258	384	483	528	636	699	753
55	123	195	267	339	474	573	618	726	789
55	132	231	285	357	420	564	591	708	816
55	141	186	321	375	447	501	654	681	798
55	150	240	276	411	465	537	582	672	771
55	159	213	330	366	429	555	627	663	762
55	168	204	303	348	456	519	645	717	744
56	96	217	315	399	493	506	602	689	778
56	101	177	292	396	440	541	608	736	804
56	116	250	258	379	480	527	639	697	749
56	122	197	263	339	477	574	616	723	784
56	130	234	284	359	420	561	587	703	817
56	136	182	318	373	446	501	655	683	801
56	153	237	278	412	460	535	582	668	770
56	156	211	331	365	425	558	622	663	764
56	169	203	298	344	454	521	642	720	744
57	96	225	309	403	488	512	599	688	775
57	107	177	289	390	437	549	607	731	808
57	113	245	258	387	484	526	633	694	755
57	121	194	269	339	471	569	613	727	792
57	127	228	283	356	420	565	593	711	812
57	144	188	322	370	445	501	650	680	795
57	147	241	275	407	468	532	582	674	769
57	160	208	326	364	431	552	630	663	761
57	164	202	306	350	451	518	646	714	744
58	96	219	313	398	494	509	598	685	783
58	104	177	297	394	436	543	604	737	803
58	112	251	258	381	479	523	637	702	752
58	118	193	266	339	475	575	621	722	786
58	135	232	280	355	420	560	590	705	818
58	138	185	317	378	442	501	656	679	799
58	151	236	274	413	462	540	582	671	766
58	155	216	332	361	428	556	624	663	760
58	170	199	300	347	459	517	641	718	744
59	96	223	308	404	491	508	595	693	777
59	103	177	291	389	433	547	612	734	809
59	109	248	258	385	485	531	632	696	751
59	126	190	265	339	470	572	615	728	790
59	129	227	288	352	420	566	589	709	815
59	142	184	323	372	450	501	653	676	794
59	146	242	271	410	466	534	582	670	774
59	161	210	329	369	427	551	628	663	757
59	167	207	304	346	453	514	647	713	744
60	96	218	314	401	490	505	603	687	781
60	100	177	295	395	441	542	606	733	806
60	117	247	258	380	482	525	638	700	748
60	120	198	262	339	476	571	619	725	785
60	133	233	282	360	420	563	586	704	814
60	137	181	320	376	444	501	652	684	800
60	152	239	279	409	461	538	582	667	768
60	158	214	328	363	424	557	623	663	765
60	166	201	299	343	457	522	644	719	744
61	96	224	311	400	487	513	597	691	776
61	108	177	290	392	435	548	610	730	805
61	111	244	258	386	481	529	635	695	756
61	124	192	270	339	473	568	614	724	791
61	128	230	286	354	420	562	594	710	811
61	143	189	319	371	448	501	649	678	797
61	149	238	273	406	467	533	582	675	772
61	157	209	325	367	432	554	629	663	759
61	163	205	305	351	452	516	643	716	744
62	96	221	310	397	495	507	601	686	782
62	102	177	296	391	439	545	605	738	802
62	115	252	258	383	478	524	634	701	750
62	119	196	264	339	472	576	620	721	788
62	134	229	281	358	420	559	588	707	819
62	140	183	316	377	443	501	657	682	796
62	148	235	277	414	464	539	582	669	767
62	154	215	333	362	426	553	626	663	763
62	171	200	302	345	458	520	640	715	744
63	96	220	307	405	489	511	596	692	779
63	106	177	293	388	434	544	611	732	810
63	110	246	258	382	486	530	631	698	754
63	125	191	268	339	469	570	617	729	787
63	131	226	287	353	420	567	592	706	813
63	139	187	324	374	449	501	651	677	793
63	145	243	272	408	463	536	582	673	773
63	162	212	327	368	430	550	625	663	758
63	165	206	301	349	455	515	648	712	744
64	95	230	320	410	428	518	608	698	788
64	104	212	311	356	464	527	653	725	743
64	113	176	302	401	446	554	617	671	815
64	122	185	257	392	491	536	644	707	761
64	131	203	275	338	482	509	626	734	797
64	140	239	293	365	419	572	599	716	752
64	149	194	329	383	455	500	590	689	806
64	158	248	284	347	473	545	581	680	779
64	167	221	266	374	437	563	635	662	770
65	95	233	317	411	432	520	607	696	784
65	108	210	314	358	460	526	654	722	743
65	115	176	298	398	445	557	615	675	816
65	121	189	257	395	492	534	641	703	763
65	129	202	277	338	479	513	622	735	800
65	136	236	291	364	419	573	601	719	756
65	152	196	330	379	453	500	594	688	803
65	155	249	283	351	476	541	581	682	777
65	168	217	270	372	439	560	638	662	769
66	95	227	321	414	430	517	606	694	791
66	106	208	308	355	467	525	657	726	743
66	112	176	305	402	444	551	613	673	819
66	120	187	257	389	495	532	645	710	760
66	127	201	274	338	483	511	629	738	794
66	143	240	289	363	419	576	598	713	754
66	146	193	333	386	451	500	592	687	807
66	159	252	282	349	470	548	581	679	775
66	171	224	268	370	436	564	632	662	768
67	95	231	324	412	427	516	604	701	785
67	103	215	312	354	461	523	655	729	743
67	111	176	299	405	442	555	620	670	817
67	118	184	257	393	493	539	648	704	759
67	134	199	273	338	486	508	623	736	798
67	137	243	296	361	419	574	597	717	751
67	150	192	331	380	458	500	589	685	810
67	162	250	280	346	474	542	581	678	782
67	169	218	265	377	435	567	636	662	766
68	95	234	322	409	426	514	611	695	789
68	102	209	315	352	465	530	652	727	743
68	109	176	303	403	449	558	614	669	814
68	125	183	257	396	490	533	646	708	757
68	128	206	271	338	484	507	627	733	801
68	141	241	290	368	419	571	595	720	750
68	153	190	328	384	452	500	588	692	808
68	160	247	287	345	477	546	581	676	776
68	166	222	264	371	433	565	639	662	773
69	95	232	319	408	424	521	605	699	792
69	100	213	313	359	468	524	651	724	743
69	116	176	306	400	443	556	618	667	813
69	119	181	257	394	489	537	643	711	764
69	132	200	278	338	481	505	630	732	799
69	144	238	294	362	419	570	602	718	748
69	151	197	327	387	456	500	586	686	805
69	157	246	281	343	475	549	581	683	780
69	165	225	262	375	440	562	637	662	767
70	95	229	318	406	431	515	609	702	790
70	107	216	310	353	466	528	649	723	743
70	110	176	304	399	447	553	621	674	811
70	123	188	257	391	487	540	642	709	758
70	135	204	272	338	480	512	628	730	796
70	142	237	297	366	419	568	596	715	755
70	148	191	325	385	459	500	593	690	804
70	156	244	285	350	472	547	581	677	783
70	163	223	269	378	434	561	634	662	771
71	95	228	316	413	425	519	612	700	787
71	101	214	309	357	463	531	656	721	743
71	114	176	301	397	450	552	619	668	818
71	126	182	257	390	494	538	640	706	762
71	133	207	276	338	478	506	625	737	795
71	139	235	295	369	419	575	600	714	749
71	147	195	332	382	457	500	587	693	802
71	154	251	288	344	471	544	581	681	781
71	170	220	263	376	438	559	633	662	774
72	95	226	323	407	429	522	610	697	786
72	105	211	307	360	462	529	650	728	743
72	117	176	300	404	448	550	616	672	812
72	124	186	257	388	488	535	647	705	765
72	130	205	279	338	485	510	624	731	793
72	138	242	292	367	419	569	603	712	753
72	145	198	326	381	454	500	591	691	809
72	161	245	286	348	469	543	581	684	778
72	164	219	267	373	441	566	631	662	772
73	94	238	328	346	436	526	616	706	796
73	103	229	274	382	445	571	643	661	778
73	112	220	319	364	472	535	589	733	742
73	121	175	310	409	454	562	625	679	751
73	130	193	256	400	427	544	652	715	769
73	139	211	283	337	490	517	634	670	805
73	148	247	301	373	418	508	607	724	760
73	157	202	265	391	463	499	598	697	814
73	166	184	292	355	481	553	580	688	787
74	94	243	329	350	438	525	614	703	799
74	107	232	276	379	444	572	648	661	776
74	114	217	324	363	475	533	593	734	742
74	120	175	313	410	452	567	622	681	755
74	128	195	256	405	431	541	653	718	768
74	136	209	282	337	491	519	637	674	810
74	151	248	298	371	418	512	606	729	762
74	162	201	269	394	460	499	600	695	815
74	167	188	290	357	486	556	580	687	784
75	94	239	332	348	435	524	613	709	801
75	105	234	273	385	443	575	644	661	775
75	111	223	320	362	477	532	591	737	742
75	119	175	315	413	451	563	628	678	753
75	127	192	256	401	429	547	656	720	767
75	142	208	281	337	494	516	639	672	806
75	153	251	304	370	418	510	605	725	759
75	158	200	267	396	466	499	597	694	818
75	170	186	289	354	482	558	580	686	790
76	94	242	330	345	434	523	619	711	797
76	102	230	272	387	442	573	647	661	781
76	110	225	323	361	473	538	588	735	742
76	118	175	311	411	457	566	630	677	750
76	133	191	256	404	426	549	654	716	766
76	144	214	280	337	492	515	635	669	809
76	149	249	306	376	418	507	604	728	758
76	161	199	264	392	468	499	596	700	816
76	168	183	295	353	485	554	580	685	792
77	94	240	327	344	433	529	621	707	800
77	101	233	271	383	448	570	645	661	783
77	109	221	321	367	476	540	587	732	742
77	124	175	314	408	459	564	626	676	749
77	135	190	256	402	425	545	651	719	772
77	140	216	286	337	489	514	638	668	807
77	152	246	302	378	418	506	610	726	757
77	159	205	263	395	464	499	595	702	813
77	165	182	297	352	483	557	580	691	788
78	94	237	326	343	439	531	617	710	798
78	100	231	277	386	450	569	642	661	779
78	115	224	318	369	474	536	586	731	742
78	126	175	312	407	455	561	629	682	748
78	131	196	256	399	424	548	650	717	774
78	143	212	288	337	488	520	636	667	804
78	150	245	305	374	418	505	612	723	763
78	156	207	262	393	467	499	601	698	812
78	164	181	293	358	480	555	580	693	791
79	94	236	325	349	441	527	620	708	795
79	106	228	279	384	446	568	641	661	782
79	117	222	317	365	471	539	592	730	742
79	122	175	309	406	458	560	627	684	754
79	134	198	256	398	430	546	649	714	770
79	141	215	284	337	487	522	633	673	803
79	147	244	303	377	418	511	608	722	765
79	155	203	268	390	465	499	603	701	811
79	163	187	296	360	479	552	580	689	789
80	94	235	331	351	437	530	618	705	794
80	108	227	275	381	449	574	640	661	780
80	113	219	316	368	470	537	594	736	742
80	125	175	308	412	456	559	624	680	756
80	132	194	256	397	432	543	655	713	773
80	138	213	287	337	493	518	632	675	802
80	146	250	300	375	418	513	611	721	761
80	154	206	270	389	462	499	599	699	817
80	169	189	294	356	478	551	580	692	786
81	94	241	333	347	440	528	615	704	793
81	104	226	278	380	447	576	646	661	777
81	116	218	322	366	469	534	590	738	742
81	123	175	307	414	453	565	623	683	752
81	129	197	256	403	428	542	657	712	771
81	137	210	285	337	495	521	631	671	808
81	145	252	299	372	418	509	609	727	764
81	160	204	266	388	461	499	602	696	819
81	171	185	291	359	484	550	580	690	785
82	93	246	264	354	444	534	624	714	804
82	102	192	300	363	489	561	579	696	795
82	111	237	282	390	453	507	651	660	786
82	120	228	327	372	480	543	597	669	741
82	129	174	318	345	462	570	633	687	759
82	138	201	255	408	435	552	588	723	777
82	147	219	291	336	426	525	642	678	813
82	156	183	309	381	417	516	615	732	768
82	165	210	273	399	471	498	606	705	750
83	93	247	268	356	443	540	622	717	809
83	106	194	298	362	490	566	579	702	798
83	113	242	281	393	459	511	652	660	784
83	119	231	328	378	485	541	599	673	741
83	135	174	323	349	460	571	636	686	761
83	136	200	255	409	437	555	592	728	783
83	150	217	297	336	430	524	647	680	814
83	161	187	312	379	417	518	621	733	767
83	166	216	275	404	474	498	605	703	754
84	93	250	266	353	450	532	627	719	805
84	104	191	303	369	493	562	579	694	800
84	110	238	288	395	451	509	655	660	789
84	126	233	331	370	481	546	596	671	741
84	127	174	319	347	465	574	638	693	758
84	141	207	255	412	434	557	590	724	775
84	152	222	289	336	428	531	643	677	817
84	157	185	314	384	417	515	613	736	774
84	169	208	272	400	476	498	612	708	752
85	93	248	263	360	442	537	629	715	808
85	101	198	305	361	491	565	579	699	796
85	117	241	280	391	456	506	653	660	791
85	118	229	329	375	484	548	603	668	741
85	132	174	322	344	467	572	634	685	765
85	143	199	255	410	441	553	587	727	780
85	148	224	294	336	425	523	646	684	815
85	160	182	310	386	417	522	618	734	766
85	167	213	279	403	472	498	604	710	749
86	93	245	270	352	447	539	625	718	806
86	108	190	301	366	488	563	579	701	799
86	109	239	285	394	458	513	650	660	787
86	123	232	326	377	482	544	595	675	741
86	134	174	320	351	463	569	637	690	757
86	139	204	255	407	433	556	594	725	782
86	151	220	296	336	432	528	644	676	812
86	158	189	313	382	417	514	620	731	771
86	164	215	271	401	475	498	609	706	756
87	93	252	262	357	449	535	628	716	803
87	100	195	304	368	495	560	579	697	797
87	114	236	287	392	454	505	657	660	790
87	125	230	333	373	479	547	600	667	741
87	130	174	317	343	466	576	635	692	762
87	142	206	255	414	438	554	586	722	778
87	149	223	292	336	424	530	641	681	819
87	155	181	311	385	417	519	616	738	773
87	171	211	276	398	473	498	611	709	748
88	93	244	267	359	445	538	626	713	810
88	105	197	302	364	487	567	579	700	794
88	116	243	283	389	457	510	649	660	788
88	121	227	325	376	486	545	602	672	741
88	133	174	324	348	464	568	632	688	764
88	140	202	255	406	440	551	591	729	781
88	146	221	295	336	429	526	648	683	811
88	162	186	308	383	417	521	619	730	769
88	163	214	278	405	470	498	607	707	753
89	93	249	269	355	448	536	623	720	802
89	107	193	299	367	492	559	579	698	801
89	112	235	286	396	455	512	654	660	785
89	124	234	330	374	478	542	598	674	741
89	131	174	316	350	461	573	639	691	760
89	137	205	255	411	436	558	593	721	779
89	153	218	293	336	431	529	640	679	816
89	154	188	315	380	417	517	617	735	772
89	168	212	274	397	477	498	610	704	755
90	93	251	265	358	446	533	630	712	807
90	103	196	306	365	494	564	579	695	793
90	115	240	284	388	452	508	656	660	792
90	122	226	332	371	483	549	601	670	741
90	128	174	321	346	468	575	631	689	763
90	144	203	255	413	439	550	589	726	776
90	145	225	290	336	427	527	645	682	818
90	159	184	307	387	417	520	614	737	770
90	170	209	277	402	469	498	608	711	751
