156	157	158	159	160	161
162	163	164	165	166	167
156	162	168	169	170	171
157	163	172	173	174	175
158	164	176	177	178	179
159	165	180	181	182	183
160	166	184	185	186	187
161	167	188	189	190	191
162	192	193	194	195	196
163	197	198	199	200	201
164	202	203	204	205	206
165	207	208	209	210	211
166	212	213	214	215	216
167	217	218	219	220	221
162	222	223	224	225	226
163	227	228	229	230	231
164	232	233	234	235	236
165	237	238	239	240	241
166	242	243	244	245	246
167	247	248	249	250	251
162	252	253	254	255	256
163	257	258	259	260	261
164	262	263	264	265	266
165	267	268	269	270	271
166	272	273	274	275	276
167	277	278	279	280	281
162	282	283	284	285	286
163	287	288	289	290	291
164	292	293	294	295	296
165	297	298	299	300	301
166	302	303	304	305	306
167	307	308	309	310	311
168	172	176	180	184	188
156	287	292	297	302	307
157	192	202	237	272	308
158	193	207	242	277	288
159	194	212	247	257	293
160	195	217	227	262	298
161	196	197	232	267	303
168	288	293	298	303	308
172	196	203	238	273	309
176	192	208	243	278	289
180	193	213	248	258	294
184	194	218	228	263	299
188	195	198	233	268	304
169	289	294	299	304	309
173	195	204	239	274	310
177	196	209	244	279	290
181	192	214	249	259	295
185	193	219	229	264	300
189	194	199	234	269	305
170	290	295	300	305	310
174	194	205	240	275	311
178	195	210	245	280	291
182	196	215	250	260	296
186	192	220	230	265	301
190	193	200	235	270	306
171	291	296	301	306	311
175	193	206	241	276	307
179	194	211	246	281	287
183	195	216	251	261	292
187	196	221	231	266	297
191	192	201	236	271	302
170	174	178	182	186	190
156	229	234	239	244	249
157	210	248	252	266	305
158	215	228	253	271	310
159	220	233	254	276	290
160	200	238	255	281	295
161	205	243	256	261	300
170	227	232	237	242	247
174	208	251	255	264	303
178	213	231	256	269	308
182	218	236	252	274	288
186	198	241	253	279	293
190	203	246	254	259	298
168	230	235	240	245	250
172	211	249	253	262	306
176	216	229	254	267	311
180	221	234	255	272	291
184	201	239	256	277	296
188	206	244	252	257	301
171	228	233	238	243	248
175	209	247	256	265	304
179	214	227	252	270	309
183	219	232	253	275	289
187	199	237	254	280	294
191	204	242	255	260	299
169	231	236	241	246	251
173	207	250	254	263	302
177	212	230	255	268	307
181	217	235	256	273	287
185	197	240	252	278	292
189	202	245	253	258	297
169	173	177	181	185	189
156	260	265	270	275	280
157	216	222	235	279	299
158	221	223	240	259	304
159	201	224	245	264	309
160	206	225	250	269	289
161	211	226	230	274	294
169	257	262	267	272	277
173	213	224	232	281	301
177	218	225	237	261	306
181	198	226	242	266	311
185	203	222	247	271	291
189	208	223	227	276	296
171	259	264	269	274	279
175	215	226	234	278	298
179	220	222	239	258	303
183	200	223	244	263	308
187	205	224	249	268	288
191	210	225	229	273	293
168	261	266	271	276	281
172	212	223	236	280	300
176	217	224	241	260	305
180	197	225	246	265	310
184	202	226	251	270	290
188	207	222	231	275	295
170	258	263	268	273	278
174	214	225	233	277	297
178	219	226	238	257	302
182	199	222	243	262	307
186	204	223	248	267	287
190	209	224	228	272	292
171	175	179	183	187	191
156	198	203	208	213	218
157	219	246	268	282	296
158	199	251	273	283	301
159	204	231	278	284	306
160	209	236	258	285	311
161	214	241	263	286	291
171	197	202	207	212	217
175	218	245	267	283	295
179	198	250	272	284	300
183	203	230	277	285	305
187	208	235	257	286	310
191	213	240	262	282	290
170	201	206	211	216	221
174	217	244	271	284	294
178	197	249	276	285	299
182	202	229	281	286	304
186	207	234	261	282	309
190	212	239	266	283	289
169	200	205	210	215	220
173	221	243	270	285	293
177	201	248	275	286	298
181	206	228	280	282	303
185	211	233	260	283	308
189	216	238	265	284	288
168	199	204	209	214	219
172	220	242	269	286	292
176	200	247	274	282	297
180	205	227	279	283	302
184	210	232	259	284	307
188	215	237	264	285	287
0	2	33	64	95	126
0	3	34	65	96	127
0	4	35	66	97	128
0	5	36	67	98	129
0	6	37	68	99	130
0	7	38	69	100	131
1	2	8	14	20	26
1	3	9	15	21	27
1	4	10	16	22	28
1	5	11	17	23	29
1	6	12	18	24	30
1	7	13	19	25	31
2	32	39	76	113	150
2	45	88	94	101	144
2	51	63	70	119	138
2	57	82	107	125	132
3	32	40	77	114	151
3	46	89	94	102	145
3	52	63	71	120	139
3	58	83	108	125	133
4	32	41	78	115	152
4	47	90	94	103	146
4	53	63	72	121	140
4	59	84	109	125	134
5	32	42	79	116	153
5	48	91	94	104	147
5	54	63	73	122	141
5	60	85	110	125	135
6	32	43	80	117	154
6	49	92	94	105	148
6	55	63	74	123	142
6	61	86	111	125	136
7	32	44	81	118	155
7	50	93	94	106	149
7	56	63	75	124	143
7	62	87	112	125	137
8	34	41	48	55	62
8	35	42	49	56	58
8	36	43	50	52	59
8	37	44	46	53	60
8	38	40	47	54	61
9	38	92	116	132	140
9	44	74	104	126	134
9	50	86	122	128	150
9	56	68	110	144	152
9	62	80	98	138	146
10	34	93	117	132	141
10	40	75	105	126	135
10	46	87	123	129	150
10	52	69	111	144	153
10	58	81	99	138	147
11	35	89	118	132	142
11	41	71	106	126	136
11	47	83	124	130	150
11	53	65	112	144	154
11	59	77	100	138	148
12	36	90	114	132	143
12	42	72	102	126	137
12	48	84	120	131	150
12	54	66	108	144	155
12	60	78	96	138	149
13	37	91	115	132	139
13	43	73	103	126	133
13	49	85	121	127	150
13	55	67	109	144	151
13	61	79	97	138	145
14	96	105	109	118	122
14	97	106	110	114	123
14	98	102	111	115	124
14	99	103	112	116	120
14	100	104	108	117	121
15	37	70	84	106	153
15	43	66	82	124	147
15	49	64	78	112	141
15	55	76	90	100	135
15	61	72	88	118	129
16	38	70	85	102	154
16	44	67	82	120	148
16	50	64	79	108	142
16	56	76	91	96	136
16	62	73	88	114	130
17	34	70	86	103	155
17	40	68	82	121	149
17	46	64	80	109	143
17	52	76	92	97	137
17	58	74	88	115	131
18	35	70	87	104	151
18	41	69	82	122	145
18	47	64	81	110	139
18	53	76	93	98	133
18	59	75	88	116	127
19	36	70	83	105	152
19	42	65	82	123	146
19	48	64	77	111	140
19	54	76	89	99	134
19	60	71	88	117	128
20	65	73	81	84	92
20	66	74	77	85	93
20	67	75	78	86	89
20	68	71	79	87	90
20	69	72	80	83	91
21	36	81	101	121	136
21	42	93	109	119	130
21	48	75	97	107	154
21	54	87	95	115	148
21	60	69	103	113	142
22	37	77	101	122	137
22	43	89	110	119	131
22	49	71	98	107	155
22	55	83	95	116	149
22	61	65	104	113	143
23	38	78	101	123	133
23	44	90	111	119	127
23	50	72	99	107	151
23	56	84	95	117	145
23	62	66	105	113	139
24	34	79	101	124	134
24	40	91	112	119	128
24	46	73	100	107	152
24	52	85	95	118	146
24	58	67	106	113	140
25	35	80	101	120	135
25	41	92	108	119	129
25	47	74	96	107	153
25	53	86	95	114	147
25	59	68	102	113	141
26	127	137	142	147	152
26	128	133	143	148	153
26	129	134	139	149	154
26	130	135	140	145	155
26	131	136	141	146	151
27	33	59	91	123	155
27	35	39	73	111	149
27	41	45	85	99	143
27	47	51	67	117	137
27	53	57	79	105	131
28	33	60	92	124	151
28	36	39	74	112	145
28	42	45	86	100	139
28	48	51	68	118	133
28	54	57	80	106	127
29	33	61	93	120	152
29	37	39	75	108	146
29	43	45	87	96	140
29	49	51	69	114	134
29	55	57	81	102	128
30	33	62	89	121	153
30	38	39	71	109	147
30	44	45	83	97	141
30	50	51	65	115	135
30	56	57	77	103	129
31	33	58	90	122	154
31	34	39	72	110	148
31	40	45	84	98	142
31	46	51	66	116	136
31	52	57	78	104	130
