329	330	331	332	333	334	335
336	337	338	339	340	341	342
343	344	345	346	347	348	349
350	351	352	353	354	355	356
357	358	359	360	361	362	363
364	365	366	367	368	369	370
371	372	373	374	375	376	377
385	386	387	388	389	390	391
392	393	394	395	396	397	398
399	400	401	402	403	404	405
406	407	408	409	410	411	412
413	414	415	416	417	418	419
420	421	422	423	424	425	426
427	428	429	430	431	432	433
441	442	443	444	445	446	447
448	449	450	451	452	453	454
455	456	457	458	459	460	461
462	463	464	465	466	467	468
469	470	471	472	473	474	475
476	477	478	479	480	481	482
483	484	485	486	487	488	489
497	498	499	500	501	502	503
504	505	506	507	508	509	510
511	512	513	514	515	516	517
518	519	520	521	522	523	524
525	526	527	528	529	530	531
532	533	534	535	536	537	538
539	540	541	542	543	544	545
553	554	555	556	557	558	559
560	561	562	563	564	565	566
567	568	569	570	571	572	573
574	575	576	577	578	579	580
581	582	583	584	585	586	587
588	589	590	591	592	593	594
595	596	597	598	599	600	601
609	610	611	612	613	614	615
616	617	618	619	620	621	622
623	624	625	626	627	628	629
630	631	632	633	634	635	636
637	638	639	640	641	642	643
644	645	646	647	648	649	650
651	652	653	654	655	656	657
609	616	623	630	637	644	651
610	617	624	631	638	645	652
611	618	625	632	639	646	653
612	619	626	633	640	647	654
613	620	627	634	641	648	655
614	621	628	635	642	649	656
615	622	629	636	643	650	657
444	451	458	465	472	479	486
347	414	488	490	506	580	648
354	421	446	491	513	587	655
361	428	453	492	520	594	613
368	386	460	493	527	601	620
375	393	467	494	534	559	627
333	400	474	495	541	566	634
340	407	481	496	499	573	641
441	448	455	462	469	476	483
344	418	485	495	510	577	645
351	425	443	496	517	584	652
358	432	450	490	524	591	610
365	390	457	491	531	598	617
372	397	464	492	538	556	624
330	404	471	493	545	563	631
337	411	478	494	503	570	638
445	452	459	466	473	480	487
348	415	489	493	507	574	649
355	422	447	494	514	581	656
362	429	454	495	521	588	614
369	387	461	496	528	595	621
376	394	468	490	535	553	628
334	401	475	491	542	560	635
341	408	482	492	500	567	642
442	449	456	463	470	477	484
345	419	486	491	504	578	646
352	426	444	492	511	585	653
359	433	451	493	518	592	611
366	391	458	494	525	599	618
373	398	465	495	532	557	625
331	405	472	496	539	564	632
338	412	479	490	497	571	639
446	453	460	467	474	481	488
349	416	483	496	508	575	650
356	423	441	490	515	582	657
363	430	448	491	522	589	615
370	388	455	492	529	596	622
377	395	462	493	536	554	629
335	402	469	494	543	561	636
342	409	476	495	501	568	643
443	450	457	464	471	478	485
346	413	487	494	505	579	647
353	420	445	495	512	586	654
360	427	452	496	519	593	612
367	385	459	490	526	600	619
374	392	466	491	533	558	626
332	399	473	492	540	565	633
339	406	480	493	498	572	640
447	454	461	468	475	482	489
343	417	484	492	509	576	644
350	424	442	493	516	583	651
357	431	449	494	523	590	609
364	389	456	495	530	597	616
371	396	463	496	537	555	623
329	403	470	490	544	562	630
336	410	477	491	502	569	637
387	394	401	408	415	422	429
353	433	457	537	546	561	642
360	391	464	544	547	568	649
367	398	471	502	548	575	656
374	405	478	509	549	582	614
332	412	485	516	550	589	621
339	419	443	523	551	596	628
346	426	450	530	552	554	635
385	392	399	406	413	420	427
351	431	455	535	550	566	640
358	389	462	542	551	573	647
365	396	469	500	552	580	654
372	403	476	507	546	587	612
330	410	483	514	547	594	619
337	417	441	521	548	601	626
344	424	448	528	549	559	633
390	397	404	411	418	425	432
356	429	460	533	547	564	638
363	387	467	540	548	571	645
370	394	474	498	549	578	652
377	401	481	505	550	585	610
335	408	488	512	551	592	617
342	415	446	519	552	599	624
349	422	453	526	546	557	631
388	395	402	409	416	423	430
354	427	458	538	551	562	643
361	385	465	545	552	569	650
368	392	472	503	546	576	657
375	399	479	510	547	583	615
333	406	486	517	548	590	622
340	413	444	524	549	597	629
347	420	451	531	550	555	636
386	393	400	407	414	421	428
352	432	456	536	548	560	641
359	390	463	543	549	567	648
366	397	470	501	550	574	655
373	404	477	508	551	581	613
331	411	484	515	552	588	620
338	418	442	522	546	595	627
345	425	449	529	547	553	634
391	398	405	412	419	426	433
350	430	461	534	552	565	639
357	388	468	541	546	572	646
364	395	475	499	547	579	653
371	402	482	506	548	586	611
329	409	489	513	549	593	618
336	416	447	520	550	600	625
343	423	454	527	551	558	632
389	396	403	410	417	424	431
355	428	459	532	549	563	637
362	386	466	539	550	570	644
369	393	473	497	551	577	651
376	400	480	504	552	584	609
334	407	487	511	546	591	616
341	414	445	518	547	598	623
348	421	452	525	548	556	630
558	565	572	579	586	593	600
363	378	397	480	514	597	632
370	379	404	487	521	555	639
377	380	411	445	528	562	646
335	381	418	452	535	569	653
342	382	425	459	542	576	611
349	383	432	466	500	583	618
356	384	390	473	507	590	625
553	560	567	574	581	588	595
358	381	392	482	516	599	634
365	382	399	489	523	557	641
372	383	406	447	530	564	648
330	384	413	454	537	571	655
337	378	420	461	544	578	613
344	379	427	468	502	585	620
351	380	385	475	509	592	627
555	562	569	576	583	590	597
360	384	394	477	511	601	636
367	378	401	484	518	559	643
374	379	408	442	525	566	650
332	380	415	449	532	573	657
339	381	422	456	539	580	615
346	382	429	463	497	587	622
353	383	387	470	504	594	629
557	564	571	578	585	592	599
362	380	396	479	513	596	631
369	381	403	486	520	554	638
376	382	410	444	527	561	645
334	383	417	451	534	568	652
341	384	424	458	541	575	610
348	378	431	465	499	582	617
355	379	389	472	506	589	624
559	566	573	580	587	594	601
357	383	398	481	515	598	633
364	384	405	488	522	556	640
371	378	412	446	529	563	647
329	379	419	453	536	570	654
336	380	426	460	543	577	612
343	381	433	467	501	584	619
350	382	391	474	508	591	626
554	561	568	575	582	589	596
359	379	393	476	517	600	635
366	380	400	483	524	558	642
373	381	407	441	531	565	649
331	382	414	448	538	572	656
338	383	421	455	545	579	614
345	384	428	462	503	586	621
352	378	386	469	510	593	628
556	563	570	577	584	591	598
361	382	395	478	512	595	630
368	383	402	485	519	553	637
375	384	409	443	526	560	644
333	378	416	450	533	567	651
340	379	423	457	540	574	609
347	380	430	464	498	581	616
354	381	388	471	505	588	623
501	508	515	522	529	536	543
369	409	434	449	545	585	626
376	416	435	456	503	592	633
334	423	436	463	510	599	640
341	430	437	470	517	557	647
348	388	438	477	524	564	654
355	395	439	484	531	571	612
362	402	440	442	538	578	619
497	504	511	518	525	532	539
365	412	436	452	541	581	629
372	419	437	459	499	588	636
330	426	438	466	506	595	643
337	433	439	473	513	553	650
344	391	440	480	520	560	657
351	398	434	487	527	567	615
358	405	435	445	534	574	622
500	507	514	521	528	535	542
368	408	438	448	544	584	625
375	415	439	455	502	591	632
333	422	440	462	509	598	639
340	429	434	469	516	556	646
347	387	435	476	523	563	653
354	394	436	483	530	570	611
361	401	437	441	537	577	618
503	510	517	524	531	538	545
364	411	440	451	540	587	628
371	418	434	458	498	594	635
329	425	435	465	505	601	642
336	432	436	472	512	559	649
343	390	437	479	519	566	656
350	397	438	486	526	573	614
357	404	439	444	533	580	621
499	506	513	520	527	534	541
367	407	435	454	543	583	624
374	414	436	461	501	590	631
332	421	437	468	508	597	638
339	428	438	475	515	555	645
346	386	439	482	522	562	652
353	393	440	489	529	569	610
360	400	434	447	536	576	617
502	509	516	523	530	537	544
370	410	437	450	539	586	627
377	417	438	457	497	593	634
335	424	439	464	504	600	641
342	431	440	471	511	558	648
349	389	434	478	518	565	655
356	396	435	485	525	572	613
363	403	436	443	532	579	620
498	505	512	519	526	533	540
366	406	439	453	542	582	623
373	413	440	460	500	589	630
331	420	434	467	507	596	637
338	427	435	474	514	554	644
345	385	436	481	521	561	651
352	392	437	488	528	568	609
359	399	438	446	535	575	616
330	337	344	351	358	365	372
373	424	475	519	570	602	622
331	431	482	526	577	603	629
338	389	489	533	584	604	636
345	396	447	540	591	605	643
352	403	454	498	598	606	650
359	410	461	505	556	607	657
366	417	468	512	563	608	615
329	336	343	350	357	364	371
372	423	474	518	569	603	621
330	430	481	525	576	604	628
337	388	488	532	583	605	635
344	395	446	539	590	606	642
351	402	453	497	597	607	649
358	409	460	504	555	608	656
365	416	467	511	562	602	614
335	342	349	356	363	370	377
371	422	473	524	568	604	620
329	429	480	531	575	605	627
336	387	487	538	582	606	634
343	394	445	545	589	607	641
350	401	452	503	596	608	648
357	408	459	510	554	602	655
364	415	466	517	561	603	613
334	341	348	355	362	369	376
377	421	472	523	567	605	619
335	428	479	530	574	606	626
342	386	486	537	581	607	633
349	393	444	544	588	608	640
356	400	451	502	595	602	647
363	407	458	509	553	603	654
370	414	465	516	560	604	612
333	340	347	354	361	368	375
376	420	471	522	573	606	618
334	427	478	529	580	607	625
341	385	485	536	587	608	632
348	392	443	543	594	602	639
355	399	450	501	601	603	646
362	406	457	508	559	604	653
369	413	464	515	566	605	611
332	339	346	353	360	367	374
375	426	470	521	572	607	617
333	433	477	528	579	608	624
340	391	484	535	586	602	631
347	398	442	542	593	603	638
354	405	449	500	600	604	645
361	412	456	507	558	605	652
368	419	463	514	565	606	610
331	338	345	352	359	366	373
374	425	469	520	571	608	616
332	432	476	527	578	602	623
339	390	483	534	585	603	630
346	397	441	541	592	604	637
353	404	448	499	599	605	644
360	411	455	506	557	606	651
367	418	462	513	564	607	609
0	103	150	197	244	281	291
0	63	118	173	228	273	283
0	79	142	205	268	275	321
0	95	110	181	252	313	323
0	55	134	213	236	305	315
0	71	158	189	220	297	307
0	87	126	165	260	289	299
1	104	151	198	245	281	292
1	64	119	174	229	273	284
1	80	143	206	269	276	321
1	96	111	182	253	313	324
1	56	135	214	237	305	316
1	72	159	190	221	297	308
1	88	127	166	261	289	300
2	98	152	199	246	281	293
2	58	120	175	230	273	285
2	74	144	207	270	277	321
2	90	112	183	254	313	325
2	50	136	215	238	305	317
2	66	160	191	222	297	309
2	82	128	167	262	289	301
3	99	146	200	247	281	294
3	59	114	176	231	273	286
3	75	138	208	271	278	321
3	91	106	184	255	313	326
3	51	130	216	239	305	318
3	67	154	192	223	297	310
3	83	122	168	263	289	302
4	100	147	194	248	281	295
4	60	115	170	232	273	287
4	76	139	202	272	279	321
4	92	107	178	256	313	327
4	52	131	210	240	305	319
4	68	155	186	224	297	311
4	84	123	162	264	289	303
5	101	148	195	242	281	296
5	61	116	171	226	273	288
5	77	140	203	266	280	321
5	93	108	179	250	313	328
5	53	132	211	234	305	320
5	69	156	187	218	297	312
5	85	124	163	258	289	304
6	102	149	196	243	281	290
6	62	117	172	227	273	282
6	78	141	204	267	274	321
6	94	109	180	251	313	322
6	54	133	212	235	305	314
6	70	157	188	219	297	306
6	86	125	164	259	289	298
162	174	179	191	196	208	213
163	175	180	192	197	202	214
164	176	181	186	198	203	215
165	170	182	187	199	204	216
166	171	183	188	200	205	210
167	172	184	189	194	206	211
168	173	178	190	195	207	212
7	93	113	131	176	270	308
7	53	137	155	208	254	300
7	69	105	123	184	238	292
7	85	129	147	216	222	284
7	101	115	153	192	262	276
7	61	121	139	168	246	324
7	77	107	145	200	230	316
8	94	113	132	170	271	309
8	54	137	156	202	255	301
8	70	105	124	178	239	293
8	86	129	148	210	223	285
8	102	116	153	186	263	277
8	62	121	140	162	247	325
8	78	108	145	194	231	317
9	95	113	133	171	272	310
9	55	137	157	203	256	302
9	71	105	125	179	240	294
9	87	129	149	211	224	286
9	103	117	153	187	264	278
9	63	121	141	163	248	326
9	79	109	145	195	232	318
10	96	113	134	172	266	311
10	56	137	158	204	250	303
10	72	105	126	180	234	295
10	88	129	150	212	218	287
10	104	118	153	188	258	279
10	64	121	142	164	242	327
10	80	110	145	196	226	319
11	90	113	135	173	267	312
11	50	137	159	205	251	304
11	66	105	127	181	235	296
11	82	129	151	213	219	288
11	98	119	153	189	259	280
11	58	121	143	165	243	328
11	74	111	145	197	227	320
12	91	113	136	174	268	306
12	51	137	160	206	252	298
12	67	105	128	182	236	290
12	83	129	152	214	220	282
12	99	120	153	190	260	274
12	59	121	144	166	244	322
12	75	112	145	198	228	314
13	92	113	130	175	269	307
13	52	137	154	207	253	299
13	68	105	122	183	237	291
13	84	129	146	215	221	283
13	100	114	153	191	261	275
13	60	121	138	167	245	323
13	76	106	145	199	229	315
218	231	237	243	256	262	268
219	232	238	244	250	263	269
220	226	239	245	251	264	270
221	227	240	246	252	258	271
222	228	234	247	253	259	272
223	229	235	248	254	260	266
224	230	236	242	255	261	267
14	57	83	119	204	240	325
14	73	99	143	180	224	317
14	59	89	111	212	264	309
14	49	75	135	188	248	301
14	65	91	159	164	232	293
14	51	81	127	196	272	285
14	67	97	151	172	256	277
15	57	84	120	205	234	326
15	73	100	144	181	218	318
15	60	89	112	213	258	310
15	49	76	136	189	242	302
15	65	92	160	165	226	294
15	52	81	128	197	266	286
15	68	97	152	173	250	278
16	57	85	114	206	235	327
16	73	101	138	182	219	319
16	61	89	106	214	259	311
16	49	77	130	190	243	303
16	65	93	154	166	227	295
16	53	81	122	198	267	287
16	69	97	146	174	251	279
17	57	86	115	207	236	328
17	73	102	139	183	220	320
17	62	89	107	215	260	312
17	49	78	131	191	244	304
17	65	94	155	167	228	296
17	54	81	123	199	268	288
17	70	97	147	175	252	280
18	57	87	116	208	237	322
18	73	103	140	184	221	314
18	63	89	108	216	261	306
18	49	79	132	192	245	298
18	65	95	156	168	229	290
18	55	81	124	200	269	282
18	71	97	148	176	253	274
19	57	88	117	202	238	323
19	73	104	141	178	222	315
19	64	89	109	210	262	307
19	49	80	133	186	246	299
19	65	96	157	162	230	291
19	56	81	125	194	270	283
19	72	97	149	170	254	275
20	57	82	118	203	239	324
20	73	98	142	179	223	316
20	58	89	110	211	263	308
20	49	74	134	187	247	300
20	65	90	158	163	231	292
20	50	81	126	195	271	284
20	66	97	150	171	255	276
50	60	70	80	83	93	103
51	61	71	74	84	94	104
52	62	72	75	85	95	98
53	63	66	76	86	96	99
54	64	67	77	87	90	100
55	58	68	78	88	91	101
56	59	69	79	82	92	102
21	80	156	183	225	259	286
21	96	124	215	243	265	278
21	56	148	191	227	249	326
21	72	116	167	233	267	318
21	88	140	199	217	251	310
21	104	108	175	235	257	302
21	64	132	207	219	241	294
22	74	157	184	225	260	287
22	90	125	216	244	265	279
22	50	149	192	228	249	327
22	66	117	168	233	268	319
22	82	141	200	217	252	311
22	98	109	176	236	257	303
22	58	133	208	220	241	295
23	75	158	178	225	261	288
23	91	126	210	245	265	280
23	51	150	186	229	249	328
23	67	118	162	233	269	320
23	83	142	194	217	253	312
23	99	110	170	237	257	304
23	59	134	202	221	241	296
24	76	159	179	225	262	282
24	92	127	211	246	265	274
24	52	151	187	230	249	322
24	68	119	163	233	270	314
24	84	143	195	217	254	306
24	100	111	171	238	257	298
24	60	135	203	222	241	290
25	77	160	180	225	263	283
25	93	128	212	247	265	275
25	53	152	188	231	249	323
25	69	120	164	233	271	315
25	85	144	196	217	255	307
25	101	112	172	239	257	299
25	61	136	204	223	241	291
26	78	154	181	225	264	284
26	94	122	213	248	265	276
26	54	146	189	232	249	324
26	70	114	165	233	272	316
26	86	138	197	217	256	308
26	102	106	173	240	257	300
26	62	130	205	224	241	292
27	79	155	182	225	258	285
27	95	123	214	242	265	277
27	55	147	190	226	249	325
27	71	115	166	233	266	317
27	87	139	198	217	250	309
27	103	107	174	234	257	301
27	63	131	206	218	241	293
106	117	128	132	143	147	158
107	118	122	133	144	148	159
108	119	123	134	138	149	160
109	120	124	135	139	150	154
110	114	125	136	140	151	155
111	115	126	130	141	152	156
112	116	127	131	142	146	157
28	70	144	169	211	229	303
28	86	112	187	201	269	295
28	102	136	163	177	253	287
28	62	160	195	209	237	279
28	78	128	171	185	221	327
28	94	152	161	203	261	319
28	54	120	179	193	245	311
29	71	138	169	212	230	304
29	87	106	188	201	270	296
29	103	130	164	177	254	288
29	63	154	196	209	238	280
29	79	122	172	185	222	328
29	95	146	161	204	262	320
29	55	114	180	193	246	312
30	72	139	169	213	231	298
30	88	107	189	201	271	290
30	104	131	165	177	255	282
30	64	155	197	209	239	274
30	80	123	173	185	223	322
30	96	147	161	205	263	314
30	56	115	181	193	247	306
31	66	140	169	214	232	299
31	82	108	190	201	272	291
31	98	132	166	177	256	283
31	58	156	198	209	240	275
31	74	124	174	185	224	323
31	90	148	161	206	264	315
31	50	116	182	193	248	307
32	67	141	169	215	226	300
32	83	109	191	201	266	292
32	99	133	167	177	250	284
32	59	157	199	209	234	276
32	75	125	175	185	218	324
32	91	149	161	207	258	316
32	51	117	183	193	242	308
33	68	142	169	216	227	301
33	84	110	192	201	267	293
33	100	134	168	177	251	285
33	60	158	200	209	235	277
33	76	126	176	185	219	325
33	92	150	161	208	259	317
33	52	118	184	193	243	309
34	69	143	169	210	228	302
34	85	111	186	201	268	294
34	101	135	162	177	252	286
34	61	159	194	209	236	278
34	77	127	170	185	220	326
34	93	151	161	202	260	318
34	53	119	178	193	244	310
274	288	295	302	309	316	323
275	282	296	303	310	317	324
276	283	290	304	311	318	325
277	284	291	298	312	319	326
278	285	292	299	306	320	327
279	286	293	300	307	314	328
280	287	294	301	308	315	322
35	42	100	157	214	271	328
35	43	60	125	190	255	320
35	44	76	149	166	239	312
35	45	92	117	198	223	304
35	46	52	141	174	263	296
35	47	68	109	206	247	288
35	48	84	133	182	231	280
36	42	101	158	215	272	322
36	43	61	126	191	256	314
36	44	77	150	167	240	306
36	45	93	118	199	224	298
36	46	53	142	175	264	290
36	47	69	110	207	248	282
36	48	85	134	183	232	274
37	42	102	159	216	266	323
37	43	62	127	192	250	315
37	44	78	151	168	234	307
37	45	94	119	200	218	299
37	46	54	143	176	258	291
37	47	70	111	208	242	283
37	48	86	135	184	226	275
38	42	103	160	210	267	324
38	43	63	128	186	251	316
38	44	79	152	162	235	308
38	45	95	120	194	219	300
38	46	55	144	170	259	292
38	47	71	112	202	243	284
38	48	87	136	178	227	276
39	42	104	154	211	268	325
39	43	64	122	187	252	317
39	44	80	146	163	236	309
39	45	96	114	195	220	301
39	46	56	138	171	260	293
39	47	72	106	203	244	285
39	48	88	130	179	228	277
40	42	98	155	212	269	326
40	43	58	123	188	253	318
40	44	74	147	164	237	310
40	45	90	115	196	221	302
40	46	50	139	172	261	294
40	47	66	107	204	245	286
40	48	82	131	180	229	278
41	42	99	156	213	270	327
41	43	59	124	189	254	319
41	44	75	148	165	238	311
41	45	91	116	197	222	303
41	46	51	140	173	262	295
41	47	67	108	205	246	287
41	48	83	132	181	230	279
