400	401	402	403	404	405	406	407
408	409	410	411	412	413	414	415
400	408	416	417	418	419	420	421
401	409	422	423	424	425	426	427
402	410	428	429	430	431	432	433
403	411	434	435	436	437	438	439
404	412	440	441	442	443	444	445
405	413	446	447	448	449	450	451
406	414	452	453	454	455	456	457
407	415	458	459	460	461	462	463
408	464	465	466	467	468	469	470
409	471	472	473	474	475	476	477
410	478	479	480	481	482	483	484
411	485	486	487	488	489	490	491
412	492	493	494	495	496	497	498
413	499	500	501	502	503	504	505
414	506	507	508	509	510	511	512
415	513	514	515	516	517	518	519
408	520	521	522	523	524	525	526
409	527	528	529	530	531	532	533
410	534	535	536	537	538	539	540
411	541	542	543	544	545	546	547
412	548	549	550	551	552	553	554
413	555	556	557	558	559	560	561
414	562	563	564	565	566	567	568
415	569	570	571	572	573	574	575
408	576	577	578	579	580	581	582
409	583	584	585	586	587	588	589
410	590	591	592	593	594	595	596
411	597	598	599	600	601	602	603
412	604	605	606	607	608	609	610
413	611	612	613	614	615	616	617
414	618	619	620	621	622	623	624
415	625	626	627	628	629	630	631
408	632	633	634	635	636	637	638
409	639	640	641	642	643	644	645
410	646	647	648	649	650	651	652
411	653	654	655	656	657	658	659
412	660	661	662	663	664	665	666
413	667	668	669	670	671	672	673
414	674	675	676	677	678	679	680
415	681	682	683	684	685	686	687
408	688	689	690	691	692	693	694
409	695	696	697	698	699	700	701
410	702	703	704	705	706	707	708
411	709	710	711	712	713	714	715
412	716	717	718	719	720	721	722
413	723	724	725	726	727	728	729
414	730	731	732	733	734	735	736
415	737	738	739	740	741	742	743
408	744	745	746	747	748	749	750
409	751	752	753	754	755	756	757
410	758	759	760	761	762	763	764
411	765	766	767	768	769	770	771
412	772	773	774	775	776	777	778
413	779	780	781	782	783	784	785
414	786	787	788	789	790	791	792
415	793	794	795	796	797	798	799
416	422	428	434	440	446	452	458
400	751	758	765	772	779	786	793
401	464	478	541	604	667	730	794
402	465	485	548	611	674	737	752
403	466	492	555	618	681	695	759
404	467	499	562	625	639	702	766
405	468	506	569	583	646	709	773
406	469	513	527	590	653	716	780
407	470	471	534	597	660	723	787
416	752	759	766	773	780	787	794
422	470	479	542	605	668	731	795
428	464	486	549	612	675	738	753
434	465	493	556	619	682	696	760
440	466	500	563	626	640	703	767
446	467	507	570	584	647	710	774
452	468	514	528	591	654	717	781
458	469	472	535	598	661	724	788
417	753	760	767	774	781	788	795
423	469	480	543	606	669	732	796
429	470	487	550	613	676	739	754
435	464	494	557	620	683	697	761
441	465	501	564	627	641	704	768
447	466	508	571	585	648	711	775
453	467	515	529	592	655	718	782
459	468	473	536	599	662	725	789
418	754	761	768	775	782	789	796
424	468	481	544	607	670	733	797
430	469	488	551	614	677	740	755
436	470	495	558	621	684	698	762
442	464	502	565	628	642	705	769
448	465	509	572	586	649	712	776
454	466	516	530	593	656	719	783
460	467	474	537	600	663	726	790
419	755	762	769	776	783	790	797
425	467	482	545	608	671	734	798
431	468	489	552	615	678	741	756
437	469	496	559	622	685	699	763
443	470	503	566	629	643	706	770
449	464	510	573	587	650	713	777
455	465	517	531	594	657	720	784
461	466	475	538	601	664	727	791
420	756	763	770	777	784	791	798
426	466	483	546	609	672	735	799
432	467	490	553	616	679	742	757
438	468	497	560	623	686	700	764
444	469	504	567	630	644	707	771
450	470	511	574	588	651	714	778
456	464	518	532	595	658	721	785
462	465	476	539	602	665	728	792
421	757	764	771	778	785	792	799
427	465	484	547	610	673	736	793
433	466	491	554	617	680	743	751
439	467	498	561	624	687	701	758
445	468	505	568	631	645	708	765
451	469	512	575	589	652	715	772
457	470	519	533	596	659	722	779
463	464	477	540	603	666	729	786
419	425	431	437	443	449	455	461
400	586	593	600	607	614	621	628
401	489	556	630	632	648	722	790
402	496	563	588	633	655	729	797
403	503	570	595	634	662	736	755
404	510	528	602	635	669	743	762
405	517	535	609	636	676	701	769
406	475	542	616	637	683	708	776
407	482	549	623	638	641	715	783
419	583	590	597	604	611	618	625
425	486	560	627	637	652	719	787
431	493	567	585	638	659	726	794
437	500	574	592	632	666	733	752
443	507	532	599	633	673	740	759
449	514	539	606	634	680	698	766
455	472	546	613	635	687	705	773
461	479	553	620	636	645	712	780
416	587	594	601	608	615	622	629
422	490	557	631	635	649	716	791
428	497	564	589	636	656	723	798
434	504	571	596	637	663	730	756
440	511	529	603	638	670	737	763
446	518	536	610	632	677	695	770
452	476	543	617	633	684	702	777
458	483	550	624	634	642	709	784
420	584	591	598	605	612	619	626
426	487	561	628	633	646	720	788
432	494	568	586	634	653	727	795
438	501	575	593	635	660	734	753
444	508	533	600	636	667	741	760
450	515	540	607	637	674	699	767
456	473	547	614	638	681	706	774
462	480	554	621	632	639	713	781
417	588	595	602	609	616	623	630
423	491	558	625	638	650	717	792
429	498	565	583	632	657	724	799
435	505	572	590	633	664	731	757
441	512	530	597	634	671	738	764
447	519	537	604	635	678	696	771
453	477	544	611	636	685	703	778
459	484	551	618	637	643	710	785
421	585	592	599	606	613	620	627
427	488	555	629	636	647	721	789
433	495	562	587	637	654	728	796
439	502	569	594	638	661	735	754
445	509	527	601	632	668	742	761
451	516	534	608	633	675	700	768
457	474	541	615	634	682	707	775
463	481	548	622	635	640	714	782
418	589	596	603	610	617	624	631
424	485	559	626	634	651	718	786
430	492	566	584	635	658	725	793
436	499	573	591	636	665	732	751
442	506	531	598	637	672	739	758
448	513	538	605	638	679	697	765
454	471	545	612	632	686	704	772
460	478	552	619	633	644	711	779
420	426	432	438	444	450	456	462
400	529	536	543	550	557	564	571
401	495	575	599	679	688	703	784
402	502	533	606	686	689	710	791
403	509	540	613	644	690	717	798
404	516	547	620	651	691	724	756
405	474	554	627	658	692	731	763
406	481	561	585	665	693	738	770
407	488	568	592	672	694	696	777
420	527	534	541	548	555	562	569
426	493	573	597	677	692	708	782
432	500	531	604	684	693	715	789
438	507	538	611	642	694	722	796
444	514	545	618	649	688	729	754
450	472	552	625	656	689	736	761
456	479	559	583	663	690	743	768
462	486	566	590	670	691	701	775
418	532	539	546	553	560	567	574
424	498	571	602	675	689	706	780
430	505	529	609	682	690	713	787
436	512	536	616	640	691	720	794
442	519	543	623	647	692	727	752
448	477	550	630	654	693	734	759
454	484	557	588	661	694	741	766
460	491	564	595	668	688	699	773
416	530	537	544	551	558	565	572
422	496	569	600	680	693	704	785
428	503	527	607	687	694	711	792
434	510	534	614	645	688	718	799
440	517	541	621	652	689	725	757
446	475	548	628	659	690	732	764
452	482	555	586	666	691	739	771
458	489	562	593	673	692	697	778
421	528	535	542	549	556	563	570
427	494	574	598	678	690	702	783
433	501	532	605	685	691	709	790
439	508	539	612	643	692	716	797
445	515	546	619	650	693	723	755
451	473	553	626	657	694	730	762
457	480	560	584	664	688	737	769
463	487	567	591	671	689	695	776
419	533	540	547	554	561	568	575
425	492	572	603	676	694	707	781
431	499	530	610	683	688	714	788
437	506	537	617	641	689	721	795
443	513	544	624	648	690	728	753
449	471	551	631	655	691	735	760
455	478	558	589	662	692	742	767
461	485	565	596	669	693	700	774
417	531	538	545	552	559	566	573
423	497	570	601	674	691	705	779
429	504	528	608	681	692	712	786
435	511	535	615	639	693	719	793
441	518	542	622	646	694	726	751
447	476	549	629	653	688	733	758
453	483	556	587	660	689	740	765
459	490	563	594	667	690	698	772
417	423	429	435	441	447	453	459
400	700	707	714	721	728	735	742
401	505	520	539	622	656	739	774
402	512	521	546	629	663	697	781
403	519	522	553	587	670	704	788
404	477	523	560	594	677	711	795
405	484	524	567	601	684	718	753
406	491	525	574	608	642	725	760
407	498	526	532	615	649	732	767
417	695	702	709	716	723	730	737
423	500	523	534	624	658	741	776
429	507	524	541	631	665	699	783
435	514	525	548	589	672	706	790
441	472	526	555	596	679	713	797
447	479	520	562	603	686	720	755
453	486	521	569	610	644	727	762
459	493	522	527	617	651	734	769
419	697	704	711	718	725	732	739
425	502	526	536	619	653	743	778
431	509	520	543	626	660	701	785
437	516	521	550	584	667	708	792
443	474	522	557	591	674	715	799
449	481	523	564	598	681	722	757
455	488	524	571	605	639	729	764
461	495	525	529	612	646	736	771
421	699	706	713	720	727	734	741
427	504	522	538	621	655	738	773
433	511	523	545	628	662	696	780
439	518	524	552	586	669	703	787
445	476	525	559	593	676	710	794
451	483	526	566	600	683	717	752
457	490	520	573	607	641	724	759
463	497	521	531	614	648	731	766
416	701	708	715	722	729	736	743
422	499	525	540	623	657	740	775
428	506	526	547	630	664	698	782
434	513	520	554	588	671	705	789
440	471	521	561	595	678	712	796
446	478	522	568	602	685	719	754
452	485	523	575	609	643	726	761
458	492	524	533	616	650	733	768
418	696	703	710	717	724	731	738
424	501	521	535	618	659	742	777
430	508	522	542	625	666	700	784
436	515	523	549	583	673	707	791
442	473	524	556	590	680	714	798
448	480	525	563	597	687	721	756
454	487	526	570	604	645	728	763
460	494	520	528	611	652	735	770
420	698	705	712	719	726	733	740
426	503	524	537	620	654	737	772
432	510	525	544	627	661	695	779
438	517	526	551	585	668	702	786
444	475	520	558	592	675	709	793
450	482	521	565	599	682	716	751
456	489	522	572	606	640	723	758
462	496	523	530	613	647	730	765
418	424	430	436	442	448	454	460
400	643	650	657	664	671	678	685
401	511	551	576	591	687	727	768
402	518	558	577	598	645	734	775
403	476	565	578	605	652	741	782
404	483	572	579	612	659	699	789
405	490	530	580	619	666	706	796
406	497	537	581	626	673	713	754
407	504	544	582	584	680	720	761
418	639	646	653	660	667	674	681
424	507	554	578	594	683	723	771
430	514	561	579	601	641	730	778
436	472	568	580	608	648	737	785
442	479	575	581	615	655	695	792
448	486	533	582	622	662	702	799
454	493	540	576	629	669	709	757
460	500	547	577	587	676	716	764
421	642	649	656	663	670	677	684
427	510	550	580	590	686	726	767
433	517	557	581	597	644	733	774
439	475	564	582	604	651	740	781
445	482	571	576	611	658	698	788
451	489	529	577	618	665	705	795
457	496	536	578	625	672	712	753
463	503	543	579	583	679	719	760
417	645	652	659	666	673	680	687
423	506	553	582	593	682	729	770
429	513	560	576	600	640	736	777
435	471	567	577	607	647	743	784
441	478	574	578	614	654	701	791
447	485	532	579	621	661	708	798
453	492	539	580	628	668	715	756
459	499	546	581	586	675	722	763
420	641	648	655	662	669	676	683
426	509	549	577	596	685	725	766
432	516	556	578	603	643	732	773
438	474	563	579	610	650	739	780
444	481	570	580	617	657	697	787
450	488	528	581	624	664	704	794
456	495	535	582	631	671	711	752
462	502	542	576	589	678	718	759
416	644	651	658	665	672	679	686
422	512	552	579	592	681	728	769
428	519	559	580	599	639	735	776
434	477	566	581	606	646	742	783
440	484	573	582	613	653	700	790
446	491	531	576	620	660	707	797
452	498	538	577	627	667	714	755
458	505	545	578	585	674	721	762
419	640	647	654	661	668	675	682
425	508	548	581	595	684	724	765
431	515	555	582	602	642	731	772
437	473	562	576	609	649	738	779
443	480	569	577	616	656	696	786
449	487	527	578	623	663	703	793
455	494	534	579	630	670	710	751
461	501	541	580	588	677	717	758
421	427	433	439	445	451	457	463
400	472	479	486	493	500	507	514
401	515	566	617	661	712	744	764
402	473	573	624	668	719	745	771
403	480	531	631	675	726	746	778
404	487	538	589	682	733	747	785
405	494	545	596	640	740	748	792
406	501	552	603	647	698	749	799
407	508	559	610	654	705	750	757
421	471	478	485	492	499	506	513
427	514	565	616	660	711	745	763
433	472	572	623	667	718	746	770
439	479	530	630	674	725	747	777
445	486	537	588	681	732	748	784
451	493	544	595	639	739	749	791
457	500	551	602	646	697	750	798
463	507	558	609	653	704	744	756
420	477	484	491	498	505	512	519
426	513	564	615	666	710	746	762
432	471	571	622	673	717	747	769
438	478	529	629	680	724	748	776
444	485	536	587	687	731	749	783
450	492	543	594	645	738	750	790
456	499	550	601	652	696	744	797
462	506	557	608	659	703	745	755
419	476	483	490	497	504	511	518
425	519	563	614	665	709	747	761
431	477	570	621	672	716	748	768
437	484	528	628	679	723	749	775
443	491	535	586	686	730	750	782
449	498	542	593	644	737	744	789
455	505	549	600	651	695	745	796
461	512	556	607	658	702	746	754
418	475	482	489	496	503	510	517
424	518	562	613	664	715	748	760
430	476	569	620	671	722	749	767
436	483	527	627	678	729	750	774
442	490	534	585	685	736	744	781
448	497	541	592	643	743	745	788
454	504	548	599	650	701	746	795
460	511	555	606	657	708	747	753
417	474	481	488	495	502	509	516
423	517	568	612	663	714	749	759
429	475	575	619	670	721	750	766
435	482	533	626	677	728	744	773
441	489	540	584	684	735	745	780
447	496	547	591	642	742	746	787
453	503	554	598	649	700	747	794
459	510	561	605	656	707	748	752
416	473	480	487	494	501	508	515
422	516	567	611	662	713	750	758
428	474	574	618	669	720	744	765
434	481	532	625	676	727	745	772
440	488	539	583	683	734	746	779
446	495	546	590	641	741	747	786
452	502	553	597	648	699	748	793
458	509	560	604	655	706	749	751
0	2	59	116	173	230	287	344
0	3	60	117	174	231	288	345
0	4	61	118	175	232	289	346
0	5	62	119	176	233	290	347
0	6	63	120	177	234	291	348
0	7	64	121	178	235	292	349
0	8	65	122	179	236	293	350
0	9	66	123	180	237	294	351
1	2	10	18	26	34	42	50
1	3	11	19	27	35	43	51
1	4	12	20	28	36	44	52
1	5	13	21	29	37	45	53
1	6	14	22	30	38	46	54
1	7	15	23	31	39	47	55
1	8	16	24	32	40	48	56
1	9	17	25	33	41	49	57
2	58	67	132	197	262	327	392
2	75	148	221	229	238	311	384
2	83	164	189	270	286	295	376
2	91	115	124	213	246	335	368
2	99	140	172	181	278	319	360
2	107	156	205	254	303	343	352
3	58	68	133	198	263	328	393
3	76	149	222	229	239	312	385
3	84	165	190	271	286	296	377
3	92	115	125	214	247	336	369
3	100	141	172	182	279	320	361
3	108	157	206	255	304	343	353
4	58	69	134	199	264	329	394
4	77	150	223	229	240	313	386
4	85	166	191	272	286	297	378
4	93	115	126	215	248	337	370
4	101	142	172	183	280	321	362
4	109	158	207	256	305	343	354
5	58	70	135	200	265	330	395
5	78	151	224	229	241	314	387
5	86	167	192	273	286	298	379
5	94	115	127	216	249	338	371
5	102	143	172	184	281	322	363
5	110	159	208	257	306	343	355
6	58	71	136	201	266	331	396
6	79	152	225	229	242	315	388
6	87	168	193	274	286	299	380
6	95	115	128	217	250	339	372
6	103	144	172	185	282	323	364
6	111	160	209	258	307	343	356
7	58	72	137	202	267	332	397
7	80	153	226	229	243	316	389
7	88	169	194	275	286	300	381
7	96	115	129	218	251	340	373
7	104	145	172	186	283	324	365
7	112	161	210	259	308	343	357
8	58	73	138	203	268	333	398
8	81	154	227	229	244	317	390
8	89	170	195	276	286	301	382
8	97	115	130	219	252	341	374
8	105	146	172	187	284	325	366
8	113	162	211	260	309	343	358
9	58	74	139	204	269	334	399
9	82	155	228	229	245	318	391
9	90	171	196	277	286	302	383
9	98	115	131	220	253	342	375
9	106	147	172	188	285	326	367
9	114	163	212	261	310	343	359
10	60	69	78	87	96	105	114
10	61	70	79	88	97	106	108
10	62	71	80	89	98	100	109
10	63	72	81	90	92	101	110
10	64	73	82	84	93	102	111
10	65	74	76	85	94	103	112
10	66	68	77	86	95	104	113
11	66	170	218	266	314	352	362
11	74	130	186	242	298	344	354
11	82	146	210	274	338	346	392
11	90	162	178	250	322	384	394
11	98	122	202	282	306	376	386
11	106	138	226	258	290	368	378
11	114	154	194	234	330	360	370
12	60	171	219	267	315	352	363
12	68	131	187	243	299	344	355
12	76	147	211	275	339	347	392
12	84	163	179	251	323	384	395
12	92	123	203	283	307	376	387
12	100	139	227	259	291	368	379
12	108	155	195	235	331	360	371
13	61	165	220	268	316	352	364
13	69	125	188	244	300	344	356
13	77	141	212	276	340	348	392
13	85	157	180	252	324	384	396
13	93	117	204	284	308	376	388
13	101	133	228	260	292	368	380
13	109	149	196	236	332	360	372
14	62	166	214	269	317	352	365
14	70	126	182	245	301	344	357
14	78	142	206	277	341	349	392
14	86	158	174	253	325	384	397
14	94	118	198	285	309	376	389
14	102	134	222	261	293	368	381
14	110	150	190	237	333	360	373
15	63	167	215	263	318	352	366
15	71	127	183	239	302	344	358
15	79	143	207	271	342	350	392
15	87	159	175	247	326	384	398
15	95	119	199	279	310	376	390
15	103	135	223	255	294	368	382
15	111	151	191	231	334	360	374
16	64	168	216	264	312	352	367
16	72	128	184	240	296	344	359
16	80	144	208	272	336	351	392
16	88	160	176	248	320	384	399
16	96	120	200	280	304	376	391
16	104	136	224	256	288	368	383
16	112	152	192	232	328	360	375
17	65	169	217	265	313	352	361
17	73	129	185	241	297	344	353
17	81	145	209	273	337	345	392
17	89	161	177	249	321	384	393
17	97	121	201	281	305	376	385
17	105	137	225	257	289	368	377
17	113	153	193	233	329	360	369
18	231	243	248	260	265	277	282
18	232	244	249	261	266	271	283
18	233	245	250	255	267	272	284
18	234	239	251	256	268	273	285
18	235	240	252	257	269	274	279
18	236	241	253	258	263	275	280
18	237	242	247	259	264	276	281
19	65	160	181	199	245	340	379
19	73	120	205	223	277	324	371
19	81	136	173	191	253	308	363
19	89	152	197	215	285	292	355
19	97	168	183	221	261	332	347
19	105	128	189	207	237	316	395
19	113	144	175	213	269	300	387
20	66	161	181	200	239	341	380
20	74	121	205	224	271	325	372
20	82	137	173	192	247	309	364
20	90	153	197	216	279	293	356
20	98	169	184	221	255	333	348
20	106	129	189	208	231	317	396
20	114	145	176	213	263	301	388
21	60	162	181	201	240	342	381
21	68	122	205	225	272	326	373
21	76	138	173	193	248	310	365
21	84	154	197	217	280	294	357
21	92	170	185	221	256	334	349
21	100	130	189	209	232	318	397
21	108	146	177	213	264	302	389
22	61	163	181	202	241	336	382
22	69	123	205	226	273	320	374
22	77	139	173	194	249	304	366
22	85	155	197	218	281	288	358
22	93	171	186	221	257	328	350
22	101	131	189	210	233	312	398
22	109	147	178	213	265	296	390
23	62	157	181	203	242	337	383
23	70	117	205	227	274	321	375
23	78	133	173	195	250	305	367
23	86	149	197	219	282	289	359
23	94	165	187	221	258	329	351
23	102	125	189	211	234	313	399
23	110	141	179	213	266	297	391
24	63	158	181	204	243	338	377
24	71	118	205	228	275	322	369
24	79	134	173	196	251	306	361
24	87	150	197	220	283	290	353
24	95	166	188	221	259	330	345
24	103	126	189	212	235	314	393
24	111	142	180	213	267	298	385
25	64	159	181	198	244	339	378
25	72	119	205	222	276	323	370
25	80	135	173	190	252	307	362
25	88	151	197	214	284	291	354
25	96	167	182	221	260	331	346
25	104	127	189	206	236	315	394
25	112	143	174	213	268	299	386
26	288	301	307	313	326	332	338
26	289	302	308	314	320	333	339
26	290	296	309	315	321	334	340
26	291	297	310	316	322	328	341
26	292	298	304	317	323	329	342
26	293	299	305	318	324	330	336
26	294	300	306	312	325	331	337
27	64	124	150	187	273	310	396
27	72	140	166	211	249	294	388
27	80	126	156	179	281	334	380
27	88	116	142	203	257	318	372
27	96	132	158	227	233	302	364
27	104	118	148	195	265	342	356
27	112	134	164	219	241	326	348
28	65	124	151	188	274	304	397
28	73	140	167	212	250	288	389
28	81	127	156	180	282	328	381
28	89	116	143	204	258	312	373
28	97	132	159	228	234	296	365
28	105	119	148	196	266	336	357
28	113	135	164	220	242	320	349
29	66	124	152	182	275	305	398
29	74	140	168	206	251	289	390
29	82	128	156	174	283	329	382
29	90	116	144	198	259	313	374
29	98	132	160	222	235	297	366
29	106	120	148	190	267	337	358
29	114	136	164	214	243	321	350
30	60	124	153	183	276	306	399
30	68	140	169	207	252	290	391
30	76	129	156	175	284	330	383
30	84	116	145	199	260	314	375
30	92	132	161	223	236	298	367
30	100	121	148	191	268	338	359
30	108	137	164	215	244	322	351
31	61	124	154	184	277	307	393
31	69	140	170	208	253	291	385
31	77	130	156	176	285	331	377
31	85	116	146	200	261	315	369
31	93	132	162	224	237	299	361
31	101	122	148	192	269	339	353
31	109	138	164	216	245	323	345
32	62	124	155	185	271	308	394
32	70	140	171	209	247	292	386
32	78	131	156	177	279	332	378
32	86	116	147	201	255	316	370
32	94	132	163	225	231	300	362
32	102	123	148	193	263	340	354
32	110	139	164	217	239	324	346
33	63	124	149	186	272	309	395
33	71	140	165	210	248	293	387
33	79	125	156	178	280	333	379
33	87	116	141	202	256	317	371
33	95	132	157	226	232	301	363
33	103	117	148	194	264	341	355
33	111	133	164	218	240	325	347
34	117	127	137	147	150	160	170
34	118	128	138	141	151	161	171
34	119	129	139	142	152	162	165
34	120	130	133	143	153	163	166
34	121	131	134	144	154	157	167
34	122	125	135	145	155	158	168
34	123	126	136	146	149	159	169
35	63	147	224	252	295	329	357
35	71	163	192	284	313	335	349
35	79	123	216	260	297	319	397
35	87	139	184	236	303	337	389
35	95	155	208	268	287	321	381
35	103	171	176	244	305	327	373
35	111	131	200	276	289	311	365
36	64	141	225	253	295	330	358
36	72	157	193	285	314	335	350
36	80	117	217	261	298	319	398
36	88	133	185	237	303	338	390
36	96	149	209	269	287	322	382
36	104	165	177	245	306	327	374
36	112	125	201	277	290	311	366
37	65	142	226	247	295	331	359
37	73	158	194	279	315	335	351
37	81	118	218	255	299	319	399
37	89	134	186	231	303	339	391
37	97	150	210	263	287	323	383
37	105	166	178	239	307	327	375
37	113	126	202	271	291	311	367
38	66	143	227	248	295	332	353
38	74	159	195	280	316	335	345
38	82	119	219	256	300	319	393
38	90	135	187	232	303	340	385
38	98	151	211	264	287	324	377
38	106	167	179	240	308	327	369
38	114	127	203	272	292	311	361
39	60	144	228	249	295	333	354
39	68	160	196	281	317	335	346
39	76	120	220	257	301	319	394
39	84	136	188	233	303	341	386
39	92	152	212	265	287	325	378
39	100	168	180	241	309	327	370
39	108	128	204	273	293	311	362
40	61	145	222	250	295	334	355
40	69	161	190	282	318	335	347
40	77	121	214	258	302	319	395
40	85	137	182	234	303	342	387
40	93	153	206	266	287	326	379
40	101	169	174	242	310	327	371
40	109	129	198	274	294	311	363
41	62	146	223	251	295	328	356
41	70	162	191	283	312	335	348
41	78	122	215	259	296	319	396
41	86	138	183	235	303	336	388
41	94	154	207	267	287	320	380
41	102	170	175	243	304	327	372
41	110	130	199	275	288	311	364
42	174	185	196	200	211	215	226
42	175	186	190	201	212	216	227
42	176	187	191	202	206	217	228
42	177	188	192	203	207	218	222
42	178	182	193	204	208	219	223
42	179	183	194	198	209	220	224
42	180	184	195	199	210	214	225
43	62	137	212	238	280	299	374
43	70	153	180	256	270	339	366
43	78	169	204	232	246	323	358
43	86	129	228	264	278	307	350
43	94	145	196	240	254	291	398
43	102	161	220	230	272	331	390
43	110	121	188	248	262	315	382
44	63	138	206	238	281	300	375
44	71	154	174	257	270	340	367
44	79	170	198	233	246	324	359
44	87	130	222	265	278	308	351
44	95	146	190	241	254	292	399
44	103	162	214	230	273	332	391
44	111	122	182	249	262	316	383
45	64	139	207	238	282	301	369
45	72	155	175	258	270	341	361
45	80	171	199	234	246	325	353
45	88	131	223	266	278	309	345
45	96	147	191	242	254	293	393
45	104	163	215	230	274	333	385
45	112	123	183	250	262	317	377
46	65	133	208	238	283	302	370
46	73	149	176	259	270	342	362
46	81	165	200	235	246	326	354
46	89	125	224	267	278	310	346
46	97	141	192	243	254	294	394
46	105	157	216	230	275	334	386
46	113	117	184	251	262	318	378
47	66	134	209	238	284	296	371
47	74	150	177	260	270	336	363
47	82	166	201	236	246	320	355
47	90	126	225	268	278	304	347
47	98	142	193	244	254	288	395
47	106	158	217	230	276	328	387
47	114	118	185	252	262	312	379
48	60	135	210	238	285	297	372
48	68	151	178	261	270	337	364
48	76	167	202	237	246	321	356
48	84	127	226	269	278	305	348
48	92	143	194	245	254	289	396
48	100	159	218	230	277	329	388
48	108	119	186	253	262	313	380
49	61	136	211	238	279	298	373
49	69	152	179	255	270	338	365
49	77	168	203	231	246	322	357
49	85	128	227	263	278	306	349
49	93	144	195	239	254	290	397
49	101	160	219	230	271	330	389
49	109	120	187	247	262	314	381
50	345	359	366	373	380	387	394
50	346	353	367	374	381	388	395
50	347	354	361	375	382	389	396
50	348	355	362	369	383	390	397
50	349	356	363	370	377	391	398
50	350	357	364	371	378	385	399
50	351	358	365	372	379	386	393
51	59	109	167	225	283	341	399
51	61	67	127	193	259	325	391
51	69	75	143	217	235	309	383
51	77	83	159	185	267	293	375
51	85	91	119	209	243	333	367
51	93	99	135	177	275	317	359
51	101	107	151	201	251	301	351
52	59	110	168	226	284	342	393
52	62	67	128	194	260	326	385
52	70	75	144	218	236	310	377
52	78	83	160	186	268	294	369
52	86	91	120	210	244	334	361
52	94	99	136	178	276	318	353
52	102	107	152	202	252	302	345
53	59	111	169	227	285	336	394
53	63	67	129	195	261	320	386
53	71	75	145	219	237	304	378
53	79	83	161	187	269	288	370
53	87	91	121	211	245	328	362
53	95	99	137	179	277	312	354
53	103	107	153	203	253	296	346
54	59	112	170	228	279	337	395
54	64	67	130	196	255	321	387
54	72	75	146	220	231	305	379
54	80	83	162	188	263	289	371
54	88	91	122	212	239	329	363
54	96	99	138	180	271	313	355
54	104	107	154	204	247	297	347
55	59	113	171	222	280	338	396
55	65	67	131	190	256	322	388
55	73	75	147	214	232	306	380
55	81	83	163	182	264	290	372
55	89	91	123	206	240	330	364
55	97	99	139	174	272	314	356
55	105	107	155	198	248	298	348
56	59	114	165	223	281	339	397
56	66	67	125	191	257	323	389
56	74	75	141	215	233	307	381
56	82	83	157	183	265	291	373
56	90	91	117	207	241	331	365
56	98	99	133	175	273	315	357
56	106	107	149	199	249	299	349
57	59	108	166	224	282	340	398
57	60	67	126	192	258	324	390
57	68	75	142	216	234	308	382
57	76	83	158	184	266	292	374
57	84	91	118	208	242	332	366
57	92	99	134	176	274	316	358
57	100	107	150	200	250	300	350
