585	586	587	588	589	590	591	592	593
594	595	596	597	598	599	600	601	602
603	604	605	606	607	608	609	610	611
612	613	614	615	616	617	618	619	620
621	622	623	624	625	626	627	628	629
630	631	632	633	634	635	636	637	638
639	640	641	642	643	644	645	646	647
648	649	650	651	652	653	654	655	656
657	658	659	660	661	662	663	664	665
585	594	603	612	621	630	639	648	657
585	666	667	668	669	670	671	672	673
585	674	675	676	677	678	679	680	681
585	682	683	684	685	686	687	688	689
585	690	691	692	693	694	695	696	697
585	698	699	700	701	702	703	704	705
585	706	707	708	709	710	711	712	713
585	714	715	716	717	718	719	720	721
594	722	723	724	725	726	727	728	729
603	730	731	732	733	734	735	736	737
612	738	739	740	741	742	743	744	745
621	746	747	748	749	750	751	752	753
630	754	755	756	757	758	759	760	761
639	762	763	764	765	766	767	768	769
648	770	771	772	773	774	775	776	777
657	778	779	780	781	782	783	784	785
594	786	787	788	789	790	791	792	793
657	794	795	796	797	798	799	800	801
603	802	803	804	805	806	807	808	809
612	810	811	812	813	814	815	816	817
621	818	819	820	821	822	823	824	825
630	826	827	828	829	830	831	832	833
639	834	835	836	837	838	839	840	841
648	842	843	844	845	846	847	848	849
594	850	851	852	853	854	855	856	857
648	858	859	860	861	862	863	864	865
657	866	867	868	869	870	871	872	873
603	874	875	876	877	878	879	880	881
612	882	883	884	885	886	887	888	889
621	890	891	892	893	894	895	896	897
630	898	899	900	901	902	903	904	905
639	906	907	908	909	910	911	912	913
594	914	915	916	917	918	919	920	921
639	922	923	924	925	926	927	928	929
648	930	931	932	933	934	935	936	937
657	938	939	940	941	942	943	944	945
603	946	947	948	949	950	951	952	953
612	954	955	956	957	958	959	960	961
621	962	963	964	965	966	967	968	969
630	970	971	972	973	974	975	976	977
594	978	979	980	981	982	983	984	985
630	986	987	988	989	990	991	992	993
639	994	995	996	997	998	999	1000	1001
648	1002	1003	1004	1005	1006	1007	1008	1009
657	1010	1011	1012	1013	1014	1015	1016	1017
603	1018	1019	1020	1021	1022	1023	1024	1025
612	1026	1027	1028	1029	1030	1031	1032	1033
621	1034	1035	1036	1037	1038	1039	1040	1041
594	1042	1043	1044	1045	1046	1047	1048	1049
621	1050	1051	1052	1053	1054	1055	1056	1057
630	1058	1059	1060	1061	1062	1063	1064	1065
639	1066	1067	1068	1069	1070	1071	1072	1073
648	1074	1075	1076	1077	1078	1079	1080	1081
657	1082	1083	1084	1085	1086	1087	1088	1089
603	1090	1091	1092	1093	1094	1095	1096	1097
612	1098	1099	1100	1101	1102	1103	1104	1105
594	1106	1107	1108	1109	1110	1111	1112	1113
612	1114	1115	1116	1117	1118	1119	1120	1121
621	1122	1123	1124	1125	1126	1127	1128	1129
630	1130	1131	1132	1133	1134	1135	1136	1137
639	1138	1139	1140	1141	1142	1143	1144	1145
648	1146	1147	1148	1149	1150	1151	1152	1153
657	1154	1155	1156	1157	1158	1159	1160	1161
603	1162	1163	1164	1165	1166	1167	1168	1169
586	595	604	613	622	631	640	649	658
586	722	730	738	746	754	762	770	778
586	1106	1114	1122	1130	1138	1146	1154	1162
586	1042	1050	1058	1066	1074	1082	1090	1098
586	978	986	994	1002	1010	1018	1026	1034
586	914	922	930	938	946	954	962	970
586	850	858	866	874	882	890	898	906
586	786	794	802	810	818	826	834	842
595	666	731	795	859	923	987	1051	1115
604	667	723	819	907	931	1027	1083	1131
613	668	755	843	867	963	1019	1067	1107
622	669	779	803	899	955	1003	1043	1139
631	670	739	835	891	939	979	1075	1163
640	671	771	827	875	915	1011	1099	1123
649	672	763	811	851	947	1035	1059	1155
658	673	747	787	883	971	995	1091	1147
595	714	780	844	908	972	1036	1100	1164
658	715	724	812	900	924	1020	1076	1124
604	716	748	836	860	956	1012	1060	1108
613	717	772	796	892	948	996	1044	1132
622	718	732	828	884	932	980	1068	1156
631	719	764	820	868	916	1004	1092	1116
640	720	756	804	852	940	1028	1052	1148
649	721	740	788	876	964	988	1084	1140
595	706	773	837	901	965	1029	1093	1157
649	707	725	805	893	973	1013	1069	1117
658	708	741	829	909	949	1005	1053	1109
604	709	765	845	885	941	989	1045	1125
613	710	781	821	877	925	981	1061	1149
622	711	757	813	861	917	997	1085	1165
631	712	749	797	853	933	1021	1101	1141
640	713	733	789	869	957	1037	1077	1133
595	698	766	830	894	958	1022	1086	1150
640	699	726	798	886	966	1006	1062	1166
649	700	734	822	902	942	998	1102	1110
658	701	758	838	878	934	1038	1046	1118
604	702	774	814	870	974	982	1054	1142
613	703	750	806	910	918	990	1078	1158
622	704	742	846	854	926	1014	1094	1134
631	705	782	790	862	950	1030	1070	1126
595	690	759	823	887	951	1015	1079	1143
631	691	727	847	879	959	999	1055	1159
640	692	783	815	895	935	991	1095	1111
649	693	751	831	871	927	1031	1047	1167
658	694	767	807	863	967	983	1103	1135
604	695	743	799	903	919	1039	1071	1151
613	696	735	839	855	975	1007	1087	1127
622	697	775	791	911	943	1023	1063	1119
595	682	752	816	880	944	1008	1072	1136
622	683	728	840	872	952	992	1104	1152
631	684	776	808	888	928	1040	1088	1112
640	685	744	824	864	976	1024	1048	1160
649	686	760	800	912	960	984	1096	1128
658	687	736	848	896	920	1032	1064	1144
604	688	784	832	856	968	1000	1080	1120
613	689	768	792	904	936	1016	1056	1168
595	674	745	809	873	937	1001	1065	1129
613	675	729	833	865	945	1041	1097	1145
622	676	769	801	881	977	1033	1081	1113
631	677	737	817	913	969	1017	1049	1153
640	678	753	849	905	953	985	1089	1121
649	679	785	841	889	921	1025	1057	1137
658	680	777	825	857	961	993	1073	1169
604	681	761	793	897	929	1009	1105	1161
587	596	605	614	623	632	641	650	659
587	723	731	739	747	755	763	771	779
587	1113	1121	1129	1137	1145	1153	1161	1169
587	1048	1056	1064	1072	1080	1088	1096	1104
587	983	991	999	1007	1015	1023	1031	1039
587	918	926	934	942	950	958	966	974
587	853	861	869	877	885	893	901	909
587	788	796	804	812	820	828	836	844
596	667	730	798	865	924	992	1055	1117
605	666	722	822	913	932	1032	1087	1133
614	670	754	846	873	964	1024	1071	1109
623	673	778	806	905	956	1008	1047	1141
632	668	738	838	897	940	984	1079	1165
641	672	770	830	881	916	1016	1103	1125
650	671	762	814	857	948	1040	1063	1157
659	669	746	790	889	972	1000	1095	1149
596	721	782	842	911	971	1037	1105	1168
659	717	726	810	903	923	1021	1081	1128
605	720	750	834	863	955	1013	1065	1112
614	715	774	794	895	947	997	1049	1136
623	719	734	826	887	931	981	1073	1160
632	718	766	818	871	915	1005	1097	1120
641	716	758	802	855	939	1029	1057	1152
650	714	742	786	879	963	989	1089	1144
596	712	777	839	898	968	1028	1094	1155
650	711	729	807	890	976	1012	1070	1115
659	713	745	831	906	952	1004	1054	1107
605	710	769	847	882	944	988	1046	1123
614	709	785	823	874	928	980	1062	1147
623	707	761	815	858	920	996	1086	1163
632	706	753	799	850	936	1020	1102	1139
641	708	737	791	866	960	1036	1078	1131
596	703	764	827	896	954	1025	1085	1151
641	704	724	795	888	962	1009	1061	1167
650	701	732	819	904	938	1001	1101	1111
659	700	756	835	880	930	1041	1045	1119
605	705	772	811	872	970	985	1053	1143
614	698	748	803	912	914	993	1077	1159
623	699	740	843	856	922	1017	1093	1135
632	702	780	787	864	946	1033	1069	1127
596	694	760	821	884	953	1010	1075	1142
632	692	728	845	876	961	994	1051	1158
641	691	784	813	892	937	986	1091	1110
650	696	752	829	868	929	1026	1043	1166
659	690	768	805	860	969	978	1099	1134
605	697	744	797	900	921	1034	1067	1150
614	693	736	837	852	977	1002	1083	1126
623	695	776	789	908	945	1018	1059	1118
596	685	751	817	878	941	1003	1066	1132
623	689	727	841	870	949	987	1098	1148
632	687	775	809	886	925	1035	1082	1108
641	682	743	825	862	973	1019	1042	1156
650	688	759	801	910	957	979	1090	1124
659	684	735	849	894	917	1027	1058	1140
605	686	783	833	854	965	995	1074	1116
614	683	767	793	902	933	1011	1050	1164
596	676	741	808	867	935	998	1060	1122
614	678	725	832	859	943	1038	1092	1138
623	674	765	800	875	975	1030	1076	1106
632	679	733	816	907	967	1014	1044	1146
641	675	749	848	899	951	982	1084	1114
650	677	781	840	883	919	1022	1052	1130
659	681	773	824	851	959	990	1068	1162
605	680	757	792	891	927	1006	1100	1154
588	597	606	615	624	633	642	651	660
588	724	732	740	748	756	764	772	780
588	1107	1115	1123	1131	1139	1147	1155	1163
588	1049	1057	1065	1073	1081	1089	1097	1105
588	984	992	1000	1008	1016	1024	1032	1040
588	919	927	935	943	951	959	967	975
588	854	862	870	878	886	894	902	910
588	789	797	805	813	821	829	837	845
597	668	734	801	860	928	991	1053	1114
606	670	726	825	908	936	1031	1085	1130
615	666	758	849	868	968	1023	1069	1106
624	671	782	809	900	960	1007	1045	1138
633	667	742	841	892	944	983	1077	1162
642	669	774	833	876	920	1015	1101	1122
651	673	766	817	852	952	1039	1061	1154
660	672	750	793	884	976	999	1093	1146
597	715	778	847	907	973	1041	1104	1166
660	714	722	815	899	925	1025	1080	1126
606	718	746	839	859	957	1017	1064	1110
615	721	770	799	891	949	1001	1048	1134
624	716	730	831	883	933	985	1072	1158
633	720	762	823	867	917	1009	1096	1118
642	719	754	807	851	941	1033	1056	1150
651	717	738	791	875	965	993	1088	1142
597	713	775	834	904	964	1030	1091	1161
651	709	727	802	896	972	1014	1067	1121
660	712	743	826	912	948	1006	1051	1113
606	707	767	842	888	940	990	1043	1129
615	711	783	818	880	924	982	1059	1153
624	710	759	810	864	916	998	1083	1169
633	708	751	794	856	932	1022	1099	1145
642	706	735	786	872	956	1038	1075	1137
597	704	763	832	890	961	1021	1087	1148
642	703	723	800	882	969	1005	1063	1164
651	705	731	824	898	945	997	1103	1108
660	702	755	840	874	937	1037	1047	1116
606	701	771	816	866	977	981	1055	1140
615	699	747	808	906	921	989	1079	1156
624	698	739	848	850	929	1013	1095	1132
633	700	779	792	858	953	1029	1071	1124
597	695	757	820	889	946	1011	1078	1144
633	696	725	844	881	954	995	1054	1160
642	693	781	812	897	930	987	1094	1112
651	692	749	828	873	922	1027	1046	1168
660	697	765	804	865	962	979	1102	1136
606	690	741	796	905	914	1035	1070	1152
615	691	733	836	857	970	1003	1086	1128
624	694	773	788	913	938	1019	1062	1120
597	686	753	814	877	939	1002	1068	1135
624	684	729	838	869	947	986	1100	1151
633	683	777	806	885	923	1034	1084	1111
642	688	745	822	861	971	1018	1044	1159
651	682	761	798	909	955	978	1092	1127
660	689	737	846	893	915	1026	1060	1143
606	685	785	830	853	963	994	1076	1119
615	687	769	790	901	931	1010	1052	1167
597	677	744	803	871	934	996	1058	1125
615	681	728	827	863	942	1036	1090	1141
624	679	768	795	879	974	1028	1074	1109
633	674	736	811	911	966	1012	1042	1149
642	680	752	843	903	950	980	1082	1117
651	676	784	835	887	918	1020	1050	1133
660	678	776	819	855	958	988	1066	1165
606	675	760	787	895	926	1004	1098	1157
589	598	607	616	625	634	643	652	661
589	725	733	741	749	757	765	773	781
589	1108	1116	1124	1132	1140	1148	1156	1164
589	1043	1051	1059	1067	1075	1083	1091	1099
589	985	993	1001	1009	1017	1025	1033	1041
589	920	928	936	944	952	960	968	976
589	855	863	871	879	887	895	903	911
589	790	798	806	814	822	830	838	846
598	669	737	796	864	927	989	1050	1118
607	673	729	820	912	935	1029	1082	1134
616	671	761	844	872	967	1021	1066	1110
625	666	785	804	904	959	1005	1042	1142
634	672	745	836	896	943	981	1074	1166
643	668	777	828	880	919	1013	1098	1126
652	670	769	812	856	951	1037	1058	1158
661	667	753	788	888	975	997	1090	1150
598	716	783	843	909	977	1040	1102	1162
661	718	727	811	901	929	1024	1078	1122
607	714	751	835	861	961	1016	1062	1106
616	719	775	795	893	953	1000	1046	1130
625	715	735	827	885	937	984	1070	1154
634	717	767	819	869	921	1008	1094	1114
643	721	759	803	853	945	1032	1054	1146
652	720	743	787	877	969	992	1086	1138
598	707	770	840	900	966	1027	1097	1159
652	706	722	808	892	974	1011	1073	1119
661	710	738	832	908	950	1003	1057	1111
607	713	762	848	884	942	987	1049	1127
616	708	778	824	876	926	979	1065	1151
625	712	754	816	860	918	995	1089	1167
634	711	746	800	852	934	1019	1105	1143
643	709	730	792	868	958	1035	1081	1135
598	705	768	826	897	957	1023	1084	1147
643	701	728	794	889	965	1007	1060	1163
652	704	736	818	905	941	999	1100	1107
661	699	760	834	881	933	1039	1044	1115
607	703	776	810	873	973	983	1052	1139
616	702	752	802	913	917	991	1076	1155
625	700	744	842	857	925	1015	1092	1131
634	698	784	786	865	949	1031	1068	1123
598	696	756	825	882	947	1014	1080	1141
634	695	724	849	874	955	998	1056	1157
643	697	780	817	890	931	990	1096	1109
652	694	748	833	866	923	1030	1048	1165
661	693	764	809	858	963	982	1104	1133
607	691	740	801	898	915	1038	1072	1149
616	690	732	841	850	971	1006	1088	1125
625	692	772	793	906	939	1022	1064	1117
598	687	750	813	875	938	1004	1071	1137
625	688	726	837	867	946	988	1103	1153
634	685	774	805	883	922	1036	1087	1113
643	684	742	821	859	970	1020	1047	1161
652	689	758	797	907	954	980	1095	1129
661	682	734	845	891	914	1028	1063	1145
607	683	782	829	851	962	996	1079	1121
616	686	766	789	899	930	1012	1055	1169
598	678	739	807	870	932	994	1061	1128
616	676	723	831	862	940	1034	1093	1144
625	675	763	799	878	972	1026	1077	1112
634	680	731	815	910	964	1010	1045	1152
643	674	747	847	902	948	978	1085	1120
652	681	779	839	886	916	1018	1053	1136
661	677	771	823	854	956	986	1069	1168
607	679	755	791	894	924	1002	1101	1160
590	599	608	617	626	635	644	653	662
590	726	734	742	750	758	766	774	782
590	1109	1117	1125	1133	1141	1149	1157	1165
590	1044	1052	1060	1068	1076	1084	1092	1100
590	979	987	995	1003	1011	1019	1027	1035
590	921	929	937	945	953	961	969	977
590	856	864	872	880	888	896	904	912
590	791	799	807	815	823	831	839	847
599	670	732	800	863	925	986	1054	1121
608	668	724	824	911	933	1026	1086	1137
617	667	756	848	871	965	1018	1070	1113
626	672	780	808	903	957	1002	1046	1145
635	666	740	840	895	941	978	1078	1169
644	673	772	832	879	917	1010	1102	1129
653	669	764	816	855	949	1034	1062	1161
662	671	748	792	887	973	994	1094	1153
599	717	779	845	913	976	1038	1098	1167
662	721	723	813	905	928	1022	1074	1127
608	719	747	837	865	960	1014	1058	1111
617	714	771	797	897	952	998	1042	1135
626	720	731	829	889	936	982	1066	1159
635	716	763	821	873	920	1006	1090	1119
644	718	755	805	857	944	1030	1050	1151
653	715	739	789	881	968	990	1082	1143
599	708	776	836	902	963	1033	1095	1154
653	710	728	804	894	971	1017	1071	1114
662	706	744	828	910	947	1009	1055	1106
608	711	768	844	886	939	993	1047	1122
617	707	784	820	878	923	985	1063	1146
626	709	760	812	862	915	1001	1087	1162
635	713	752	796	854	931	1025	1103	1138
644	712	736	788	870	955	1041	1079	1130
599	699	762	833	893	959	1020	1083	1152
644	698	722	801	885	967	1004	1059	1168
653	702	730	825	901	943	996	1099	1112
662	705	754	841	877	935	1036	1043	1120
608	700	770	817	869	975	980	1051	1144
617	704	746	809	909	919	988	1075	1160
626	703	738	849	853	927	1012	1091	1136
635	701	778	793	861	951	1028	1067	1128
599	697	761	818	883	950	1016	1077	1140
635	693	729	842	875	958	1000	1053	1156
644	696	785	810	891	934	992	1093	1108
653	691	753	826	867	926	1032	1045	1164
662	695	769	802	859	966	984	1101	1132
608	694	745	794	899	918	1040	1069	1148
617	692	737	834	851	974	1008	1085	1124
626	690	777	786	907	942	1024	1061	1116
599	688	749	811	874	940	1007	1073	1134
626	687	725	835	866	948	991	1105	1150
635	689	773	803	882	924	1039	1089	1110
644	686	741	819	858	972	1023	1049	1158
653	685	757	795	906	956	983	1097	1126
662	683	733	843	890	916	1031	1065	1142
608	682	781	827	850	964	999	1081	1118
617	684	765	787	898	932	1015	1057	1166
599	679	743	806	868	930	997	1064	1123
617	680	727	830	860	938	1037	1096	1139
626	677	767	798	876	970	1029	1080	1107
635	676	735	814	908	962	1013	1048	1147
644	681	751	846	900	946	981	1088	1115
653	674	783	838	884	914	1021	1056	1131
662	675	775	822	852	954	989	1072	1163
608	678	759	790	892	922	1005	1104	1155
591	600	609	618	627	636	645	654	663
591	727	735	743	751	759	767	775	783
591	1110	1118	1126	1134	1142	1150	1158	1166
591	1045	1053	1061	1069	1077	1085	1093	1101
591	980	988	996	1004	1012	1020	1028	1036
591	915	923	931	939	947	955	963	971
591	857	865	873	881	889	897	905	913
591	792	800	808	816	824	832	840	848
600	671	736	799	861	922	990	1057	1116
609	672	728	823	909	930	1030	1089	1132
618	669	760	847	869	962	1022	1073	1108
627	668	784	807	901	954	1006	1049	1140
636	673	744	839	893	938	982	1081	1164
645	666	776	831	877	914	1014	1105	1124
654	667	768	815	853	946	1038	1065	1156
663	670	752	791	885	970	998	1097	1148
600	718	781	849	912	974	1034	1103	1163
663	716	725	817	904	926	1018	1079	1123
609	715	749	841	864	958	1010	1063	1107
618	720	773	801	896	950	994	1047	1131
627	714	733	833	888	934	978	1071	1155
636	721	765	825	872	918	1002	1095	1115
645	717	757	809	856	942	1026	1055	1147
654	719	741	793	880	966	986	1087	1139
600	709	772	838	899	969	1031	1090	1160
654	713	724	806	891	977	1015	1066	1120
663	711	740	830	907	953	1007	1050	1112
609	706	764	846	883	945	991	1042	1128
618	712	780	822	875	929	983	1058	1152
627	708	756	814	859	921	999	1082	1168
636	710	748	798	851	937	1023	1098	1144
645	707	732	790	867	961	1039	1074	1136
600	700	769	829	895	956	1019	1088	1146
645	702	729	797	887	964	1003	1064	1162
654	698	737	821	903	940	995	1104	1106
663	703	761	837	879	932	1035	1048	1114
609	699	777	813	871	972	979	1056	1138
618	701	753	805	911	916	987	1080	1154
627	705	745	845	855	924	1011	1096	1130
636	704	785	789	863	948	1027	1072	1122
600	691	754	819	886	952	1013	1076	1145
636	690	722	843	878	960	997	1052	1161
645	694	778	811	894	936	989	1092	1113
654	697	746	827	870	928	1029	1044	1169
663	692	762	803	862	968	981	1100	1137
609	696	738	795	902	920	1037	1068	1153
618	695	730	835	854	976	1005	1084	1129
627	693	770	787	910	944	1021	1060	1121
600	689	747	810	876	943	1009	1070	1133
627	685	723	834	868	951	993	1102	1149
636	688	771	802	884	927	1041	1086	1109
645	683	739	818	860	975	1025	1046	1157
654	687	755	794	908	959	985	1094	1125
663	686	731	842	892	919	1033	1062	1141
609	684	779	826	852	967	1001	1078	1117
618	682	763	786	900	935	1017	1054	1165
600	680	742	804	866	933	1000	1059	1127
618	679	726	828	858	941	1040	1091	1143
627	681	766	796	874	973	1032	1075	1111
636	678	734	812	906	965	1016	1043	1151
645	677	750	844	898	949	984	1083	1119
654	675	782	836	882	917	1024	1051	1135
663	674	774	820	850	957	992	1067	1167
609	676	758	788	890	925	1008	1099	1159
592	601	610	619	628	637	646	655	664
592	728	736	744	752	760	768	776	784
592	1111	1119	1127	1135	1143	1151	1159	1167
592	1046	1054	1062	1070	1078	1086	1094	1102
592	981	989	997	1005	1013	1021	1029	1037
592	916	924	932	940	948	956	964	972
592	851	859	867	875	883	891	899	907
592	793	801	809	817	825	833	841	849
601	672	735	797	858	926	993	1052	1120
610	671	727	821	906	934	1033	1084	1136
619	673	759	845	866	966	1025	1068	1112
628	670	783	805	898	958	1009	1044	1144
637	669	743	837	890	942	985	1076	1168
646	667	775	829	874	918	1017	1100	1128
655	666	767	813	850	950	1041	1060	1160
664	668	751	789	882	974	1001	1092	1152
601	719	785	848	910	970	1039	1099	1165
664	720	729	816	902	922	1023	1075	1125
610	717	753	840	862	954	1015	1059	1109
619	716	777	800	894	946	999	1043	1133
628	721	737	832	886	930	983	1067	1157
637	714	769	824	870	914	1007	1091	1117
646	715	761	808	854	938	1031	1051	1149
655	718	745	792	878	962	991	1083	1141
601	710	774	835	905	967	1026	1096	1156
655	708	726	803	897	975	1010	1072	1116
664	707	742	827	913	951	1002	1056	1108
610	712	766	843	889	943	986	1048	1124
619	706	782	819	881	927	978	1064	1148
628	713	758	811	865	919	994	1088	1164
637	709	750	795	857	935	1018	1104	1140
646	711	734	787	873	959	1034	1080	1132
601	701	765	831	892	955	1024	1082	1153
646	705	725	799	884	963	1008	1058	1169
655	703	733	823	900	939	1000	1098	1113
664	698	757	839	876	931	1040	1042	1121
610	704	773	815	868	971	984	1050	1145
619	700	749	807	908	915	992	1074	1161
628	702	741	847	852	923	1016	1090	1137
637	699	781	791	860	947	1032	1066	1129
601	692	755	822	888	949	1012	1081	1138
637	694	723	846	880	957	996	1057	1154
646	690	779	814	896	933	988	1097	1106
655	695	747	830	872	925	1028	1049	1162
664	691	763	806	864	965	980	1105	1130
610	693	739	798	904	917	1036	1073	1146
619	697	731	838	856	973	1004	1089	1122
628	696	771	790	912	941	1020	1065	1114
601	683	746	812	879	945	1006	1069	1131
628	682	722	836	871	953	990	1101	1147
637	686	770	804	887	929	1038	1085	1107
646	689	738	820	863	977	1022	1045	1155
655	684	754	796	911	961	982	1093	1123
664	688	730	844	895	921	1030	1061	1139
610	687	778	828	855	969	998	1077	1115
619	685	762	788	903	937	1014	1053	1163
601	681	740	802	869	936	995	1063	1126
619	677	724	826	861	944	1035	1095	1142
628	680	764	794	877	976	1027	1079	1110
637	675	732	810	909	968	1011	1047	1150
646	679	748	842	901	952	979	1087	1118
655	678	780	834	885	920	1019	1055	1134
664	676	772	818	853	960	987	1071	1166
610	674	756	786	893	928	1003	1103	1158
593	602	611	620	629	638	647	656	665
593	729	737	745	753	761	769	777	785
593	1112	1120	1128	1136	1144	1152	1160	1168
593	1047	1055	1063	1071	1079	1087	1095	1103
593	982	990	998	1006	1014	1022	1030	1038
593	917	925	933	941	949	957	965	973
593	852	860	868	876	884	892	900	908
593	787	795	803	811	819	827	835	843
602	673	733	794	862	929	988	1056	1119
611	669	725	818	910	937	1028	1088	1135
620	672	757	842	870	969	1020	1072	1111
629	667	781	802	902	961	1004	1048	1143
638	671	741	834	894	945	980	1080	1167
647	670	773	826	878	921	1012	1104	1127
656	668	765	810	854	953	1036	1064	1159
665	666	749	786	886	977	996	1096	1151
602	720	784	846	906	975	1035	1101	1169
665	719	728	814	898	927	1019	1077	1129
611	721	752	838	858	959	1011	1061	1113
620	718	776	798	890	951	995	1045	1137
629	717	736	830	882	935	979	1069	1161
638	715	768	822	866	919	1003	1093	1121
647	714	760	806	850	943	1027	1053	1153
656	716	744	790	874	967	987	1085	1145
602	711	771	841	903	962	1032	1092	1158
656	712	723	809	895	970	1016	1068	1118
665	709	739	833	911	946	1008	1052	1110
611	708	763	849	887	938	992	1044	1126
620	713	779	825	879	922	984	1060	1150
629	706	755	817	863	914	1000	1084	1166
638	707	747	801	855	930	1024	1100	1142
647	710	731	793	871	954	1040	1076	1134
602	702	767	828	891	960	1018	1089	1149
647	700	727	796	883	968	1002	1065	1165
656	699	735	820	899	944	994	1105	1109
665	704	759	836	875	936	1034	1049	1117
611	698	775	812	867	976	978	1057	1141
620	705	751	804	907	920	986	1081	1157
629	701	743	844	851	928	1010	1097	1133
638	703	783	788	859	952	1026	1073	1125
602	693	758	824	885	948	1017	1074	1139
638	697	726	848	877	956	1001	1050	1155
647	695	782	816	893	932	993	1090	1107
656	690	750	832	869	924	1033	1042	1163
665	696	766	808	861	964	985	1098	1131
611	692	742	800	901	916	1041	1066	1147
620	694	734	840	853	972	1009	1082	1123
629	691	774	792	909	940	1025	1058	1115
602	684	748	815	881	942	1005	1067	1130
629	686	724	839	873	950	989	1099	1146
638	682	772	807	889	926	1037	1083	1106
647	687	740	823	865	974	1021	1043	1154
656	683	756	799	913	958	981	1091	1122
665	685	732	847	897	918	1029	1059	1138
611	689	780	831	857	966	997	1075	1114
620	688	764	791	905	934	1013	1051	1162
602	675	738	805	872	931	999	1062	1124
620	674	722	829	864	939	1039	1094	1140
629	678	762	797	880	971	1031	1078	1108
638	681	730	813	912	963	1015	1046	1148
647	676	746	845	904	947	983	1086	1116
656	680	778	837	888	915	1023	1054	1132
665	679	770	821	856	955	991	1070	1164
611	677	754	789	896	923	1007	1102	1156
0	9	10	11	12	13	14	15	16
0	73	74	75	76	77	78	79	80
0	137	138	139	140	141	142	143	144
0	201	202	203	204	205	206	207	208
0	265	266	267	268	269	270	271	272
0	329	330	331	332	333	334	335	336
0	393	394	395	396	397	398	399	400
0	457	458	459	460	461	462	463	464
0	521	522	523	524	525	526	527	528
1	9	17	25	33	41	49	57	65
1	73	81	89	97	105	113	121	129
1	137	145	153	161	169	177	185	193
1	201	209	217	225	233	241	249	257
1	265	273	281	289	297	305	313	321
1	329	337	345	353	361	369	377	385
1	393	401	409	417	425	433	441	449
1	457	465	473	481	489	497	505	513
1	521	529	537	545	553	561	569	577
2	9	18	27	36	45	54	63	72
2	73	82	91	100	109	118	127	136
2	137	146	155	164	173	182	191	200
2	201	210	219	228	237	246	255	264
2	265	274	283	292	301	310	319	328
2	329	338	347	356	365	374	383	392
2	393	402	411	420	429	438	447	456
2	457	466	475	484	493	502	511	520
2	521	530	539	548	557	566	575	584
3	9	19	28	37	46	55	64	66
3	73	83	92	101	110	119	128	130
3	137	147	156	165	174	183	192	194
3	201	211	220	229	238	247	256	258
3	265	275	284	293	302	311	320	322
3	329	339	348	357	366	375	384	386
3	393	403	412	421	430	439	448	450
3	457	467	476	485	494	503	512	514
3	521	531	540	549	558	567	576	578
4	9	20	29	38	47	56	58	67
4	73	84	93	102	111	120	122	131
4	137	148	157	166	175	184	186	195
4	201	212	221	230	239	248	250	259
4	265	276	285	294	303	312	314	323
4	329	340	349	358	367	376	378	387
4	393	404	413	422	431	440	442	451
4	457	468	477	486	495	504	506	515
4	521	532	541	550	559	568	570	579
5	9	21	30	39	48	50	59	68
5	73	85	94	103	112	114	123	132
5	137	149	158	167	176	178	187	196
5	201	213	222	231	240	242	251	260
5	265	277	286	295	304	306	315	324
5	329	341	350	359	368	370	379	388
5	393	405	414	423	432	434	443	452
5	457	469	478	487	496	498	507	516
5	521	533	542	551	560	562	571	580
6	9	22	31	40	42	51	60	69
6	73	86	95	104	106	115	124	133
6	137	150	159	168	170	179	188	197
6	201	214	223	232	234	243	252	261
6	265	278	287	296	298	307	316	325
6	329	342	351	360	362	371	380	389
6	393	406	415	424	426	435	444	453
6	457	470	479	488	490	499	508	517
6	521	534	543	552	554	563	572	581
7	9	23	32	34	43	52	61	70
7	73	87	96	98	107	116	125	134
7	137	151	160	162	171	180	189	198
7	201	215	224	226	235	244	253	262
7	265	279	288	290	299	308	317	326
7	329	343	352	354	363	372	381	390
7	393	407	416	418	427	436	445	454
7	457	471	480	482	491	500	509	518
7	521	535	544	546	555	564	573	582
8	9	24	26	35	44	53	62	71
8	73	88	90	99	108	117	126	135
8	137	152	154	163	172	181	190	199
8	201	216	218	227	236	245	254	263
8	265	280	282	291	300	309	318	327
8	329	344	346	355	364	373	382	391
8	393	408	410	419	428	437	446	455
8	457	472	474	483	492	501	510	519
8	521	536	538	547	556	565	574	583
10	81	146	211	276	341	406	471	536
10	82	145	213	280	339	407	470	532
10	83	149	209	278	338	404	472	535
10	84	152	214	273	343	403	469	530
10	85	147	210	279	337	408	468	534
10	86	151	212	275	344	401	466	533
10	87	150	216	277	340	402	465	531
10	88	148	215	274	342	405	467	529
11	129	195	260	325	390	455	520	578
11	130	197	264	323	391	454	516	577
11	131	193	262	322	388	456	519	581
11	132	198	257	327	387	453	514	584
11	133	194	263	321	392	452	518	579
11	134	196	259	328	385	450	517	583
11	135	200	261	324	386	449	515	582
11	136	199	258	326	389	451	513	580
12	121	188	253	318	383	448	506	571
12	122	192	251	319	382	444	505	573
12	123	190	250	316	384	447	509	569
12	124	185	255	315	381	442	512	574
12	125	191	249	320	380	446	507	570
12	126	187	256	313	378	445	511	572
12	127	189	252	314	377	443	510	576
12	128	186	254	317	379	441	508	575
13	113	181	246	311	376	434	499	564
13	114	179	247	310	372	433	501	568
13	115	178	244	312	375	437	497	566
13	116	183	243	309	370	440	502	561
13	117	177	248	308	374	435	498	567
13	118	184	241	306	373	439	500	563
13	119	180	242	305	371	438	504	565
13	120	182	245	307	369	436	503	562
14	105	174	239	304	362	427	492	557
14	106	175	238	300	361	429	496	555
14	107	172	240	303	365	425	494	554
14	108	171	237	298	368	430	489	559
14	109	176	236	302	363	426	495	553
14	110	169	234	301	367	428	491	560
14	111	170	233	299	366	432	493	556
14	112	173	235	297	364	431	490	558
15	97	167	232	290	355	420	485	550
15	98	166	228	289	357	424	483	551
15	99	168	231	293	353	422	482	548
15	100	165	226	296	358	417	487	547
15	101	164	230	291	354	423	481	552
15	102	162	229	295	356	419	488	545
15	103	161	227	294	360	421	484	546
15	104	163	225	292	359	418	486	549
16	89	160	218	283	348	413	478	543
16	90	156	217	285	352	411	479	542
16	91	159	221	281	350	410	476	544
16	92	154	224	286	345	415	475	541
16	93	158	219	282	351	409	480	540
16	94	157	223	284	347	416	473	538
16	95	155	222	288	349	412	474	537
16	96	153	220	287	346	414	477	539
17	74	146	218	290	362	434	506	578
17	82	138	234	322	346	442	498	546
17	90	170	202	306	338	418	514	570
17	98	194	242	266	378	410	490	530
17	106	154	210	314	330	450	482	562
17	114	186	226	282	386	394	466	554
17	122	178	258	298	354	402	458	538
17	130	162	250	274	370	426	474	522
18	74	145	221	296	363	439	510	580
18	81	138	235	324	349	446	503	552
18	93	171	202	311	337	424	516	574
18	104	196	247	266	382	413	491	529
18	107	157	209	318	330	452	488	567
18	119	190	232	285	388	394	465	555
18	126	183	260	299	360	401	458	541
18	132	168	254	273	375	427	477	522
19	74	149	224	291	367	438	508	577
19	85	138	239	321	352	444	502	547
19	96	175	202	310	341	419	513	572
19	99	193	246	266	380	416	495	533
19	111	160	213	316	330	449	483	566
19	118	188	227	288	385	394	469	559
19	124	182	257	303	355	405	458	544
19	129	163	252	277	374	431	480	522
20	74	152	219	295	366	436	505	581
20	88	138	238	325	347	441	500	551
20	91	174	202	308	344	423	517	569
20	103	197	244	266	377	411	494	536
20	110	155	216	313	330	453	487	564
20	116	185	231	283	389	394	472	558
20	121	180	261	302	359	408	458	539
20	133	167	249	280	372	430	475	522
21	74	147	223	294	364	433	509	584
21	83	138	236	328	351	445	497	550
21	95	172	202	305	339	422	520	573
21	102	200	241	266	381	415	492	531
21	108	159	211	317	330	456	486	561
21	113	189	230	287	392	394	467	556
21	125	177	264	300	358	403	458	543
21	136	166	253	275	369	428	479	522
22	74	151	222	292	361	437	512	579
22	87	138	233	323	350	448	501	548
22	94	169	202	309	343	420	515	576
22	100	195	245	266	384	414	489	535
22	105	158	215	320	330	451	484	565
22	117	192	228	286	387	394	471	553
22	128	181	259	297	356	407	458	542
22	131	164	256	279	373	425	478	522
23	74	150	220	289	365	440	507	583
23	86	138	237	327	348	443	504	545
23	92	173	202	312	342	417	519	571
23	97	199	248	266	379	412	493	534
23	109	156	214	315	330	455	481	568
23	120	187	225	284	391	394	470	557
23	123	184	263	301	353	406	458	540
23	135	161	251	278	376	429	476	522
24	74	148	217	293	368	435	511	582
24	84	138	240	326	345	447	499	549
24	89	176	202	307	340	421	518	575
24	101	198	243	266	383	409	496	532
24	112	153	212	319	330	454	485	563
24	115	191	229	281	390	394	468	560
24	127	179	262	304	357	404	458	537
24	134	165	255	276	371	432	473	522
25	80	160	232	304	376	448	520	536
25	88	176	264	288	384	440	488	528
25	96	144	248	280	360	456	512	560
25	104	184	208	320	352	432	472	584
25	112	152	256	272	392	424	504	544
25	120	168	224	328	336	408	496	576
25	128	200	240	296	344	400	480	568
25	136	192	216	312	368	416	464	552
26	80	156	231	298	374	445	515	529
26	81	170	259	284	381	438	487	528
26	92	144	246	273	359	451	509	554
26	103	182	208	317	348	426	465	579
26	106	145	253	272	387	423	502	540
26	118	167	220	323	336	401	490	573
26	125	195	234	295	337	400	476	566
26	131	189	209	310	362	412	464	551
27	80	159	226	302	373	443	513	532
27	84	174	257	287	379	437	482	528
27	95	144	245	276	354	449	507	558
27	98	181	208	315	351	430	468	577
27	110	148	251	272	385	418	501	543
27	117	162	223	321	336	404	494	571
27	123	193	238	290	340	400	479	565
27	129	187	212	309	366	415	464	546
28	80	154	230	301	371	441	516	535
28	87	173	260	282	377	435	486	528
28	90	144	243	279	358	452	505	557
28	102	179	208	313	346	429	471	580
28	109	151	249	272	388	422	499	538
28	115	166	218	324	336	407	493	569
28	121	196	237	294	343	400	474	563
28	132	185	215	307	365	410	464	550
29	80	158	229	299	369	444	519	530
29	82	171	263	286	380	433	485	528
29	94	144	241	274	357	455	508	555
29	101	177	208	316	350	427	466	583
29	107	146	252	272	391	421	497	542
29	113	165	222	327	336	402	491	572
29	124	199	235	293	338	400	478	561
29	135	188	210	305	363	414	464	549
30	80	157	227	297	372	447	514	534
30	86	169	258	285	383	436	483	528
30	93	144	244	278	355	450	511	553
30	99	180	208	319	349	425	470	578
30	105	150	255	272	386	419	500	541
30	116	163	221	322	336	406	489	575
30	127	194	233	291	342	400	477	564
30	130	191	214	308	361	413	464	547
31	80	155	225	300	375	442	518	533
31	85	172	262	283	378	439	481	528
31	91	144	247	277	353	454	506	556
31	97	183	208	314	347	428	469	582
31	108	149	250	272	390	417	503	539
31	119	161	219	326	336	405	492	570
31	122	198	236	289	341	400	475	567
31	134	186	213	311	364	411	464	545
32	80	153	228	303	370	446	517	531
32	83	175	261	281	382	434	484	528
32	89	144	242	275	356	453	510	559
32	100	178	208	318	345	431	467	581
32	111	147	254	272	389	420	498	537
32	114	164	217	325	336	403	495	574
32	126	197	239	292	339	400	473	562
32	133	190	211	306	367	409	464	548
33	79	167	239	311	383	455	471	543
33	87	199	223	319	375	423	463	559
33	95	183	215	295	391	447	495	527
33	103	143	255	287	367	407	519	567
33	111	191	207	327	359	439	479	535
33	119	159	263	271	343	431	511	551
33	127	175	231	279	335	415	503	583
33	135	151	247	303	351	399	487	575
34	79	166	240	309	380	450	465	539
34	81	194	219	316	373	422	463	560
34	91	181	209	294	386	444	496	527
34	102	143	252	283	368	401	514	565
34	112	188	207	322	358	437	475	529
34	117	155	258	271	337	432	508	550
34	124	176	230	273	335	411	501	578
34	130	145	245	304	347	399	486	572
35	79	168	237	308	378	449	467	542
35	83	193	222	314	372	424	463	557
35	94	180	211	296	385	442	493	527
35	104	143	250	286	365	403	513	564
35	109	186	207	321	360	436	478	531
35	116	158	257	271	339	429	506	552
35	122	173	232	275	335	414	500	577
35	129	147	244	301	350	399	488	570
36	79	165	236	306	377	451	470	544
36	86	195	224	313	370	421	463	556
36	96	178	214	293	387	441	492	527
36	101	143	249	288	364	406	515	562
36	108	185	207	323	357	434	480	534
36	114	160	259	271	342	428	505	549
36	121	172	229	278	335	416	498	579
36	131	150	242	300	352	399	485	569
37	79	164	234	305	379	454	472	541
37	88	198	221	315	369	420	463	554
37	93	177	216	292	390	443	490	527
37	100	143	251	285	362	408	518	561
37	106	187	207	326	356	433	477	536
37	113	157	262	271	344	426	507	548
37	123	170	228	280	335	413	497	582
37	134	152	241	298	349	399	484	571
38	79	162	233	307	382	456	469	540
38	85	200	220	318	371	418	463	553
38	92	179	213	290	392	446	489	527
38	98	143	254	284	361	405	520	563
38	105	190	207	328	354	435	476	533
38	115	156	264	271	341	425	510	546
38	126	169	226	277	335	412	499	584
38	136	149	243	297	348	399	482	574
39	79	161	235	310	384	453	468	538
39	84	197	218	320	374	417	463	555
39	90	182	212	289	389	448	491	527
39	97	143	256	282	363	404	517	566
39	107	192	207	325	353	438	474	532
39	118	154	261	271	340	427	512	545
39	128	171	225	276	335	410	502	581
39	133	148	246	299	346	399	481	576
40	79	163	238	312	381	452	466	537
40	82	196	217	317	376	419	463	558
40	89	184	210	291	388	445	494	527
40	99	143	253	281	366	402	516	568
40	110	189	207	324	355	440	473	530
40	120	153	260	271	338	430	509	547
40	125	174	227	274	335	409	504	580
40	132	146	248	302	345	399	483	573
41	78	174	246	318	390	406	478	550
41	86	158	254	310	358	398	494	582
41	94	150	230	326	382	430	462	566
41	102	190	222	302	342	454	502	526
41	110	142	262	294	374	414	470	574
41	118	198	206	278	366	446	486	542
41	126	166	214	270	350	438	518	558
41	134	182	238	286	334	422	510	534
42	78	175	244	315	392	401	474	549
42	81	154	251	308	357	398	495	584
42	90	145	229	328	379	431	462	564
42	101	187	218	303	337	456	500	526
42	111	142	264	293	372	410	465	571
42	116	200	206	273	367	443	485	538
42	123	165	209	270	346	436	520	559
42	136	180	239	282	334	421	507	529
43	78	172	243	320	385	402	477	551
43	82	157	256	307	359	398	492	577
43	93	146	231	321	384	428	462	563
43	103	192	221	300	338	449	499	526
43	108	142	257	295	371	413	466	576
43	115	193	206	274	364	448	487	541
43	128	167	210	270	349	435	513	556
43	129	179	236	285	334	423	512	530
44	78	171	248	313	386	405	479	548
44	85	159	249	312	356	398	491	578
44	95	149	228	322	377	427	462	568
44	100	185	223	299	341	450	504	526
44	107	142	258	292	376	415	469	569
44	120	194	206	277	363	441	484	543
44	121	164	213	270	351	440	514	555
44	130	184	235	287	334	420	505	533
45	78	176	241	314	389	407	476	547
45	87	156	250	305	355	398	496	581
45	92	151	227	325	378	432	462	561
45	99	186	220	304	343	453	497	526
45	112	142	261	291	369	412	471	570
45	113	197	206	279	368	442	483	540
45	122	163	215	270	348	433	517	560
45	133	177	240	284	334	419	506	535
46	78	169	242	317	391	404	475	552
46	84	155	253	306	360	398	489	583
46	91	148	232	327	381	425	462	562
46	104	189	219	297	340	455	498	526
46	105	142	263	296	370	411	468	573
46	114	199	206	276	361	445	488	539
46	125	168	212	270	347	434	519	553
46	135	178	233	283	334	424	509	532
47	78	170	245	319	388	403	480	545
47	83	160	255	309	353	398	490	580
47	96	147	225	324	383	426	462	565
47	97	191	224	298	339	452	501	526
47	106	142	260	289	373	416	467	575
47	117	196	206	275	362	447	481	544
47	127	161	211	270	352	437	516	554
47	132	181	234	288	334	417	511	531
48	78	173	247	316	387	408	473	546
48	88	153	252	311	354	398	493	579
48	89	152	226	323	380	429	462	567
48	98	188	217	301	344	451	503	526
48	109	142	259	290	375	409	472	572
48	119	195	206	280	365	444	482	537
48	124	162	216	270	345	439	515	557
48	131	183	237	281	334	418	508	536
49	77	181	253	325	341	413	485	557
49	85	189	245	293	333	429	517	541
49	93	165	261	317	365	397	501	533
49	101	157	237	277	389	437	461	573
49	109	197	229	309	349	405	509	525
49	117	141	213	301	381	421	477	581
49	125	149	205	285	373	453	493	549
49	133	173	221	269	357	445	469	565
50	77	179	250	327	337	416	484	558
50	81	186	243	292	333	430	519	544
50	96	164	263	314	366	397	499	529
50	100	160	238	273	391	435	461	570
50	110	199	228	307	352	401	506	525
50	115	141	209	302	378	420	480	583
50	122	145	205	288	371	455	494	548
50	135	174	224	269	356	442	465	563
51	77	178	255	321	344	412	486	555
51	88	191	242	294	333	427	513	540
51	92	166	257	319	363	397	498	536
51	102	156	235	280	385	434	461	575
51	107	193	230	306	348	408	511	525
51	114	141	216	299	383	422	476	577
51	127	152	205	284	370	449	491	550
51	129	171	220	269	358	447	472	562
52	77	183	249	328	340	414	483	554
52	84	185	247	291	333	426	520	542
52	94	163	264	313	362	397	503	532
52	99	158	234	276	392	439	461	569
52	106	200	227	311	350	404	505	525
52	119	141	212	298	377	419	478	584
52	121	148	205	286	375	456	490	547
52	136	170	222	269	355	441	468	567
53	77	177	256	324	342	411	482	559
53	86	192	241	290	333	431	516	539
53	91	162	260	320	367	397	497	534
53	98	155	239	278	388	433	461	576
53	111	196	226	305	347	406	512	525
53	113	141	214	303	384	418	475	580
53	128	150	205	283	369	452	495	546
53	132	175	219	269	354	448	470	561
54	77	184	252	326	339	410	487	553
54	83	188	248	295	333	425	518	538
54	90	167	262	316	361	397	504	531
54	103	154	233	275	390	440	461	572
54	105	198	231	312	346	403	508	525
54	120	141	211	297	380	423	474	582
54	124	147	205	282	376	454	489	551
54	134	169	218	269	359	444	467	568
55	77	180	254	323	338	415	481	560
55	82	190	244	289	333	432	515	543
55	95	161	259	318	368	397	500	530
55	97	159	240	274	387	436	461	574
55	112	195	225	308	351	402	510	525
55	116	141	210	304	382	417	479	579
55	126	146	205	287	372	451	496	545
55	131	176	223	269	353	446	466	564
56	77	182	251	322	343	409	488	556
56	87	187	246	296	333	428	514	537
56	89	168	258	315	364	397	502	535
56	104	153	236	279	386	438	461	571
56	108	194	232	310	345	407	507	525
56	118	141	215	300	379	424	473	578
56	123	151	205	281	374	450	492	552
56	130	172	217	269	360	443	471	566
57	76	188	260	276	348	420	492	564
57	84	180	228	268	364	452	476	572
57	92	196	252	300	332	436	468	548
57	100	172	212	324	372	396	508	540
57	108	164	244	284	340	444	460	580
57	116	148	236	316	356	412	516	524
57	124	140	220	308	388	428	484	532
57	132	156	204	292	380	404	500	556
58	76	192	262	273	351	419	493	562
58	81	178	227	268	365	454	479	576
58	95	198	256	301	332	434	465	547
58	99	173	209	326	370	396	512	543
58	109	163	242	287	337	448	460	582
58	114	145	237	320	355	415	518	524
58	128	140	223	306	390	429	483	529
58	134	159	204	291	384	401	498	557
59	76	190	257	279	347	421	490	568
59	87	184	229	268	362	449	475	574
59	91	193	254	298	332	440	471	549
59	101	170	215	321	376	396	510	539
59	106	165	248	283	343	446	460	577
59	120	151	234	318	357	411	513	524
59	126	140	219	312	385	426	485	535
59	129	155	204	293	382	407	504	554
60	76	185	263	275	349	418	496	566
60	83	182	226	268	368	455	477	569
60	93	199	249	304	332	438	467	546
60	98	176	211	327	374	396	505	541
60	112	162	246	285	339	441	460	583
60	118	147	240	313	354	413	519	524
60	121	140	221	310	391	432	482	531
60	135	157	204	290	377	403	502	560
61	76	191	259	277	346	424	494	561
61	85	177	232	268	366	451	474	575
61	90	195	255	302	332	433	469	552
61	104	174	213	323	369	396	511	538
61	110	168	241	282	341	447	460	579
61	113	149	238	319	360	410	515	524
61	127	140	218	305	387	430	488	533
61	131	154	204	296	383	405	497	558
62	76	187	261	274	352	422	489	567
62	82	183	230	268	361	453	480	571
62	96	197	251	297	332	439	466	550
62	102	169	210	325	375	396	507	544
62	105	166	247	288	338	443	460	581
62	119	146	233	315	358	416	517	524
62	123	140	224	311	389	425	486	530
62	133	160	204	294	379	402	503	553
63	76	189	258	280	350	417	495	563
63	88	179	225	268	367	450	478	573
63	94	194	253	303	332	435	472	545
63	97	175	216	322	371	396	509	542
63	111	161	243	286	344	445	460	578
63	115	152	239	317	353	414	514	524
63	125	140	222	307	386	431	481	536
63	130	158	204	289	381	408	499	559
64	76	186	264	278	345	423	491	565
64	86	181	231	268	363	456	473	570
64	89	200	250	299	332	437	470	551
64	103	171	214	328	373	396	506	537
64	107	167	245	281	342	442	460	584
64	117	150	235	314	359	409	520	524
64	122	140	217	309	392	427	487	534
64	136	153	204	295	378	406	501	555
65	75	195	211	283	355	427	499	571
65	83	163	203	299	387	411	507	563
65	91	187	235	267	371	403	483	579
65	99	147	259	307	331	443	475	555
65	107	179	219	275	379	395	515	547
65	115	171	251	291	347	451	459	531
65	123	155	243	323	363	419	467	523
65	131	139	227	315	339	435	491	539
66	75	197	209	286	354	428	504	575
66	81	162	203	300	389	414	511	568
66	94	191	236	267	376	401	482	581
66	98	145	261	312	331	447	478	556
66	108	184	222	273	383	395	517	546
66	120	172	255	290	350	453	459	529
66	127	158	248	325	364	418	465	523
66	133	139	226	319	337	440	492	542
67	75	193	214	282	356	432	503	573
67	86	164	203	304	385	410	509	567
67	90	189	240	267	375	406	484	577
67	100	150	257	311	331	445	474	560
67	112	183	218	278	381	395	513	548
67	119	176	253	292	346	449	459	534
67	125	154	247	321	368	420	470	523
67	129	139	228	317	342	439	496	538
68	75	198	210	284	360	431	501	569
68	82	168	203	303	390	412	505	565
68	92	185	239	267	373	402	488	582
68	104	146	262	309	331	441	476	559
68	111	181	220	274	377	395	518	552
68	117	175	249	296	348	454	459	530
68	121	156	245	326	367	424	466	523
68	134	139	232	313	338	437	495	540
69	75	194	212	288	359	429	497	574
69	84	167	203	301	386	416	510	561
69	96	190	237	267	369	404	487	578
69	103	148	258	305	331	446	480	557
69	109	177	224	276	382	395	514	551
69	113	173	254	295	352	450	459	532
69	126	160	241	322	365	423	468	523
69	130	139	231	318	340	433	493	544
70	75	196	216	287	357	425	502	570
70	88	165	203	297	388	415	506	566
70	95	186	233	267	374	408	485	580
70	101	152	260	310	331	442	479	553
70	105	182	223	280	378	395	516	549
70	118	169	250	293	351	452	459	536
70	122	159	246	324	361	421	472	523
70	132	139	229	314	344	438	489	543
71	75	200	215	285	353	430	498	572
71	87	161	203	302	392	413	508	562
71	93	188	238	267	370	407	481	584
71	97	151	264	306	331	444	477	558
71	110	178	221	279	380	395	520	545
71	114	174	252	289	349	456	459	535
71	124	157	242	328	366	417	471	523
71	136	139	225	316	343	434	494	541
72	75	199	213	281	358	426	500	576
72	85	166	203	298	391	409	512	564
72	89	192	234	267	372	405	486	583
72	102	149	263	308	331	448	473	554
72	106	180	217	277	384	395	519	550
72	116	170	256	294	345	455	459	533
72	128	153	244	327	362	422	469	523
72	135	139	230	320	341	436	490	537
